38 0 6 1021 420 119 75 -1 -1 -1 -1 
39 0 6 1031 414 122 78 -1 -1 -1 -1 
40 0 6 1043 420 130 80 -1 -1 -1 -1 
44 0 6 1094 413 134 81 -1 -1 -1 -1 
53 0 6 846 430 124 78 -1 -1 -1 -1 
54 0 6 860 424 121 84 -1 -1 -1 -1 
55 0 6 878 421 117 87 -1 -1 -1 -1 
56 0 6 871 420 118 89 -1 -1 -1 -1 
57 0 6 891 430 135 75 -1 -1 -1 -1 
58 0 6 916 425 113 77 -1 -1 -1 -1 
59 0 6 925 419 119 82 -1 -1 -1 -1 
60 0 6 926 418 121 83 -1 -1 -1 -1 
61 0 6 946 424 128 74 -1 -1 -1 -1 
62 0 6 956 428 131 72 -1 -1 -1 -1 
64 0 6 985 428 134 71 -1 -1 -1 -1 
65 0 6 993 424 137 75 -1 -1 -1 -1 
66 0 6 1023 409 111 79 -1 -1 -1 -1 
67 0 6 1032 407 111 80 -1 -1 -1 -1 
67 2 16 227 488 156 105 -1 -1 -1 -1 
68 0 6 1037 418 136 77 -1 -1 -1 -1 
68 2 16 232 485 159 102 -1 -1 -1 -1 
69 0 6 1046 418 139 76 -1 -1 -1 -1 
69 2 16 229 489 183 83 -1 -1 -1 -1 
70 2 16 226 493 195 79 -1 -1 -1 -1 
70 0 17 780 431 118 98 -1 -1 -1 -1 
71 2 16 236 489 186 84 -1 -1 -1 -1 
71 0 17 782 436 129 93 -1 -1 -1 -1 
72 2 16 258 484 162 107 -1 -1 -1 -1 
73 0 6 1112 403 118 78 -1 -1 -1 -1 
73 2 16 250 495 199 76 -1 -1 -1 -1 
73 0 17 815 430 120 100 -1 -1 -1 -1 
74 0 6 1123 400 116 80 -1 -1 -1 -1 
74 2 16 279 478 156 104 -1 -1 -1 -1 
74 0 17 829 427 119 97 -1 -1 -1 -1 
75 0 6 1134 398 117 81 -1 -1 -1 -1 
75 2 16 287 474 163 104 -1 -1 -1 -1 
76 0 6 1142 398 127 88 -1 -1 -1 -1 
76 2 16 282 483 187 86 -1 -1 -1 -1 
77 0 6 1153 396 128 90 -1 -1 -1 -1 
77 2 16 301 478 161 94 -1 -1 -1 -1 
78 2 16 308 473 181 96 -1 -1 -1 -1 
78 0 17 876 435 125 85 -1 -1 -1 -1 
79 2 16 302 479 193 88 -1 -1 -1 -1 
79 0 17 886 438 134 81 -1 -1 -1 -1 
80 2 16 327 473 161 98 -1 -1 -1 -1 
80 0 17 894 445 148 72 -1 -1 -1 -1 
81 2 16 334 469 167 96 -1 -1 -1 -1 
81 0 17 920 436 121 80 -1 -1 -1 -1 
82 2 16 336 473 180 92 -1 -1 -1 -1 
82 0 17 923 435 137 80 -1 -1 -1 -1 
83 2 16 352 472 171 93 -1 -1 -1 -1 
84 2 16 356 471 180 93 -1 -1 -1 -1 
85 0 17 967 436 127 76 -1 -1 -1 -1 
86 2 16 367 465 189 95 -1 -1 -1 -1 
86 0 17 972 432 136 77 -1 -1 -1 -1 
87 2 16 376 467 188 93 -1 -1 -1 -1 
88 2 16 381 466 195 93 -1 -1 -1 -1 
89 2 16 394 463 197 91 -1 -1 -1 -1 
89 0 17 1018 422 125 84 -1 -1 -1 -1 
90 2 16 400 462 203 90 -1 -1 -1 -1 
91 2 16 404 458 205 104 -1 -1 -1 -1 
91 0 17 1035 423 140 84 -1 -1 -1 -1 
92 2 16 408 456 214 106 -1 -1 -1 -1 
93 2 16 436 447 195 104 -1 -1 -1 -1 
93 0 17 1068 423 129 81 -1 -1 -1 -1 
94 2 16 432 438 227 113 -1 -1 -1 -1 
94 0 17 1078 429 133 74 -1 -1 -1 -1 
95 2 16 446 455 207 103 -1 -1 -1 -1 
96 2 16 476 443 187 98 -1 -1 -1 -1 
96 0 17 1109 413 129 89 -1 -1 -1 -1 
97 2 16 475 444 192 94 -1 -1 -1 -1 
97 0 17 1115 419 137 83 -1 -1 -1 -1 
98 2 16 494 438 191 107 -1 -1 -1 -1 
99 2 16 502 435 195 109 -1 -1 -1 -1 
100 2 16 499 443 198 111 -1 -1 -1 -1 
100 0 17 1160 415 127 81 -1 -1 -1 -1 
101 2 16 515 435 188 116 -1 -1 -1 -1 
102 2 16 526 433 207 102 -1 -1 -1 -1 
103 2 16 528 440 225 93 -1 -1 -1 -1 
104 2 16 543 435 198 112 -1 -1 -1 -1 
104 0 17 1214 413 124 82 -1 -1 -1 -1 
105 2 16 547 436 211 89 -1 -1 -1 -1 
106 2 16 558 437 206 106 -1 -1 -1 -1 
106 0 17 1234 415 137 82 -1 -1 -1 -1 
107 2 16 566 435 219 108 -1 -1 -1 -1 
108 2 16 580 441 215 79 -1 -1 -1 -1 
109 2 16 592 431 205 91 -1 -1 -1 -1 
110 2 16 599 433 220 88 -1 -1 -1 -1 
110 0 17 1288 408 132 84 -1 -1 -1 -1 
111 2 16 617 429 200 109 -1 -1 -1 -1 
111 0 17 1307 396 116 90 -1 -1 -1 -1 
112 2 16 617 426 238 97 -1 -1 -1 -1 
113 2 16 632 430 219 97 -1 -1 -1 -1 
114 2 16 651 427 210 93 -1 -1 -1 -1 
115 2 16 662 426 200 99 -1 -1 -1 -1 
116 2 16 676 426 218 90 -1 -1 -1 -1 
117 2 16 686 424 206 96 -1 -1 -1 -1 
119 2 16 705 421 209 95 -1 -1 -1 -1 
119 0 17 1409 395 105 74 -1 -1 -1 -1 
123 2 16 753 405 208 104 -1 -1 -1 -1 
129 2 16 823 411 221 94 -1 -1 -1 -1 
131 2 16 855 409 214 89 -1 -1 -1 -1 
132 2 16 866 395 226 109 -1 -1 -1 -1 
134 2 16 893 400 222 95 -1 -1 -1 -1 
135 2 16 904 403 207 93 -1 -1 -1 -1 
136 2 16 915 393 229 106 -1 -1 -1 -1 
137 2 16 923 400 208 100 -1 -1 -1 -1 
138 2 16 949 393 213 97 -1 -1 -1 -1 
139 2 16 951 403 214 83 -1 -1 -1 -1 
140 2 16 962 400 204 94 -1 -1 -1 -1 
141 2 16 976 390 203 105 -1 -1 -1 -1 
142 2 16 996 395 203 82 -1 -1 -1 -1 
143 2 16 1007 388 228 88 -1 -1 -1 -1 
144 2 16 1020 395 211 80 -1 -1 -1 -1 
145 2 16 1039 392 209 81 -1 -1 -1 -1 
146 2 16 1044 380 215 96 -1 -1 -1 -1 
147 2 16 1049 393 229 86 -1 -1 -1 -1 
148 2 16 1067 391 206 90 -1 -1 -1 -1 
149 2 16 1078 387 217 92 -1 -1 -1 -1 
150 2 16 1086 389 221 84 -1 -1 -1 -1 
151 2 16 1099 400 233 71 -1 -1 -1 -1 
152 2 16 1117 389 212 81 -1 -1 -1 -1 
153 2 16 1138 381 200 86 -1 -1 -1 -1 
154 2 16 1155 368 187 102 -1 -1 -1 -1 
155 2 16 1171 374 196 98 -1 -1 -1 -1 
155 2 22 183 496 147 74 -1 -1 -1 -1 
155 0 23 838 405 115 68 -1 -1 -1 -1 
156 2 16 1165 376 212 96 -1 -1 -1 -1 
156 2 22 177 497 165 73 -1 -1 -1 -1 
157 2 16 1191 369 208 107 -1 -1 -1 -1 
157 2 22 175 495 178 74 -1 -1 -1 -1 
158 2 16 1197 366 198 102 -1 -1 -1 -1 
158 2 22 197 495 161 72 -1 -1 -1 -1 
158 0 23 887 401 101 66 -1 -1 -1 -1 
159 2 16 1223 372 183 93 -1 -1 -1 -1 
159 2 22 205 491 154 77 -1 -1 -1 -1 
160 2 16 1234 370 168 88 -1 -1 -1 -1 
160 2 22 208 485 156 79 -1 -1 -1 -1 
161 2 16 1227 378 198 82 -1 -1 -1 -1 
161 2 22 228 484 144 79 -1 -1 -1 -1 
162 2 16 1262 371 158 92 -1 -1 -1 -1 
162 2 22 223 486 157 79 -1 -1 -1 -1 
163 2 16 1275 365 169 95 -1 -1 -1 -1 
163 2 22 222 486 168 78 -1 -1 -1 -1 
164 2 16 1280 364 170 97 -1 -1 -1 -1 
164 2 22 217 485 184 85 -1 -1 -1 -1 
164 0 23 968 395 110 64 -1 -1 -1 -1 
165 2 16 1252 363 218 95 -1 -1 -1 -1 
165 2 22 201 482 214 88 -1 -1 -1 -1 
165 0 23 987 392 102 66 -1 -1 -1 -1 
166 2 16 1290 365 189 87 -1 -1 -1 -1 
166 2 22 220 463 196 109 -1 -1 -1 -1 
166 0 23 994 383 121 71 -1 -1 -1 -1 
167 2 16 1318 369 179 95 -1 -1 -1 -1 
167 2 22 222 465 209 108 -1 -1 -1 -1 
167 0 23 1009 368 105 87 -1 -1 -1 -1 
168 2 16 1313 364 196 97 -1 -1 -1 -1 
168 2 22 236 462 212 102 -1 -1 -1 -1 
168 0 23 1019 369 112 87 -1 -1 -1 -1 
169 2 16 1323 359 190 105 -1 -1 -1 -1 
169 2 22 240 462 205 111 -1 -1 -1 -1 
169 0 23 1029 374 117 77 -1 -1 -1 -1 
170 2 16 1345 360 178 88 -1 -1 -1 -1 
170 2 22 243 461 217 101 -1 -1 -1 -1 
170 0 23 1040 382 117 65 -1 -1 -1 -1 
171 2 16 1356 354 186 110 -1 -1 -1 -1 
171 2 22 243 461 224 105 -1 -1 -1 -1 
172 2 16 1364 351 188 109 -1 -1 -1 -1 
172 2 22 248 459 227 105 -1 -1 -1 -1 
173 2 16 1368 355 187 105 -1 -1 -1 -1 
173 2 22 257 457 230 108 -1 -1 -1 -1 
174 2 16 1392 349 178 99 -1 -1 -1 -1 
174 2 22 263 457 232 109 -1 -1 -1 -1 
175 2 16 1388 355 189 100 -1 -1 -1 -1 
175 2 22 278 459 220 104 -1 -1 -1 -1 
176 2 16 1412 349 183 103 -1 -1 -1 -1 
176 2 22 284 455 244 103 -1 -1 -1 -1 
177 2 16 1419 343 180 106 -1 -1 -1 -1 
177 2 22 296 455 238 100 -1 -1 -1 -1 
178 2 16 1432 351 178 101 -1 -1 -1 -1 
178 2 22 306 453 231 103 -1 -1 -1 -1 
179 2 16 1455 345 153 90 -1 -1 -1 -1 
179 2 22 323 454 222 98 -1 -1 -1 -1 
180 2 16 1450 348 174 105 -1 -1 -1 -1 
180 2 22 309 456 268 107 -1 -1 -1 -1 
181 2 16 1469 346 177 93 -1 -1 -1 -1 
181 2 22 329 452 254 96 -1 -1 -1 -1 
182 2 16 1477 346 167 99 -1 -1 -1 -1 
182 2 22 338 451 248 96 -1 -1 -1 -1 
183 2 16 1487 344 165 100 -1 -1 -1 -1 
183 2 22 324 443 288 114 -1 -1 -1 -1 
184 2 16 1482 347 181 94 -1 -1 -1 -1 
184 2 22 348 453 275 100 -1 -1 -1 -1 
185 2 16 1498 345 175 106 -1 -1 -1 -1 
185 2 22 365 438 269 112 -1 -1 -1 -1 
186 2 16 1514 341 169 107 -1 -1 -1 -1 
186 2 22 372 440 273 109 -1 -1 -1 -1 
