3 2 1 392 60 122 173 -1 -1 -1 -1 
3 0 3 299 158 48 76 -1 -1 -1 -1 
3 0 4 752 304 73 78 -1 -1 -1 -1 
3 0 5 975 573 115 137 -1 -1 -1 -1 
3 0 6 708 236 48 58 -1 -1 -1 -1 
3 0 7 572 168 46 65 -1 -1 -1 -1 
3 0 8 357 92 34 56 -1 -1 -1 -1 
3 2 9 361 33 48 44 -1 -1 -1 -1 
4 2 1 391 61 124 173 -1 -1 -1 -1 
4 0 3 298 157 50 78 -1 -1 -1 -1 
4 0 4 753 301 73 80 -1 -1 -1 -1 
4 0 5 974 572 117 139 -1 -1 -1 -1 
4 0 6 708 237 47 56 -1 -1 -1 -1 
4 0 7 571 167 48 65 -1 -1 -1 -1 
4 0 8 358 93 32 56 -1 -1 -1 -1 
4 2 9 360 34 50 44 -1 -1 -1 -1 
5 2 1 392 61 124 175 -1 -1 -1 -1 
5 0 3 296 162 52 79 -1 -1 -1 -1 
5 0 4 748 298 73 77 -1 -1 -1 -1 
5 0 5 971 574 111 112 -1 -1 -1 -1 
5 0 6 707 238 49 54 -1 -1 -1 -1 
5 0 7 567 166 49 62 -1 -1 -1 -1 
5 0 8 359 93 31 56 -1 -1 -1 -1 
5 2 9 361 34 50 44 -1 -1 -1 -1 
5 0 10 757 409 88 117 -1 -1 -1 -1 
6 2 1 392 61 124 175 -1 -1 -1 -1 
6 0 3 296 162 52 79 -1 -1 -1 -1 
6 0 4 749 298 71 76 -1 -1 -1 -1 
6 0 5 971 574 111 111 -1 -1 -1 -1 
6 0 6 708 239 47 52 -1 -1 -1 -1 
6 0 7 568 166 47 61 -1 -1 -1 -1 
6 0 8 358 93 32 57 -1 -1 -1 -1 
6 2 9 360 34 52 45 -1 -1 -1 -1 
6 0 10 758 410 86 115 -1 -1 -1 -1 
7 2 1 393 70 126 170 -1 -1 -1 -1 
7 0 3 299 177 50 80 -1 -1 -1 -1 
7 0 4 742 284 64 75 -1 -1 -1 -1 
7 0 5 954 536 99 116 -1 -1 -1 -1 
7 0 6 709 232 47 53 -1 -1 -1 -1 
7 0 7 557 148 45 65 -1 -1 -1 -1 
7 0 8 356 95 31 58 -1 -1 -1 -1 
7 2 9 360 34 52 46 -1 -1 -1 -1 
7 0 10 737 373 78 115 -1 -1 -1 -1 
8 2 1 393 72 126 169 -1 -1 -1 -1 
8 0 3 298 178 52 80 -1 -1 -1 -1 
8 0 4 743 284 62 74 -1 -1 -1 -1 
8 0 5 953 534 101 118 -1 -1 -1 -1 
8 0 6 709 232 47 53 -1 -1 -1 -1 
8 0 7 556 147 47 66 -1 -1 -1 -1 
8 0 8 355 95 33 59 -1 -1 -1 -1 
8 2 9 359 35 54 46 -1 -1 -1 -1 
8 0 10 737 373 78 114 -1 -1 -1 -1 
9 2 1 393 72 126 169 -1 -1 -1 -1 
9 0 3 298 178 52 80 -1 -1 -1 -1 
9 0 4 743 283 62 75 -1 -1 -1 -1 
9 0 5 953 535 101 118 -1 -1 -1 -1 
9 0 6 709 232 47 53 -1 -1 -1 -1 
9 0 7 556 147 47 66 -1 -1 -1 -1 
9 0 8 355 96 33 58 -1 -1 -1 -1 
9 2 9 359 35 54 46 -1 -1 -1 -1 
9 0 10 737 373 78 114 -1 -1 -1 -1 
9 0 11 873 605 121 114 -1 -1 -1 -1 
9 0 12 278 100 30 58 -1 -1 -1 -1 
9 0 13 315 89 27 48 -1 -1 -1 -1 
10 2 1 393 78 127 164 -1 -1 -1 -1 
10 0 3 298 183 53 80 -1 -1 -1 -1 
10 0 4 736 277 65 74 -1 -1 -1 -1 
10 0 5 945 526 98 115 -1 -1 -1 -1 
10 0 6 708 231 49 53 -1 -1 -1 -1 
10 0 7 554 144 45 65 -1 -1 -1 -1 
10 0 8 356 98 31 59 -1 -1 -1 -1 
10 2 9 360 36 53 46 -1 -1 -1 -1 
10 0 10 726 358 80 115 -1 -1 -1 -1 
10 0 11 861 594 121 125 -1 -1 -1 -1 
10 0 12 277 101 30 58 -1 -1 -1 -1 
10 0 13 312 90 25 49 -1 -1 -1 -1 
11 2 1 394 79 125 164 -1 -1 -1 -1 
11 0 3 298 184 53 79 -1 -1 -1 -1 
11 0 4 737 277 63 73 -1 -1 -1 -1 
11 0 5 945 526 98 115 -1 -1 -1 -1 
11 0 6 709 232 47 51 -1 -1 -1 -1 
11 0 7 554 144 45 64 -1 -1 -1 -1 
11 0 8 355 99 33 59 -1 -1 -1 -1 
11 2 9 360 37 53 46 -1 -1 -1 -1 
11 0 10 726 357 80 116 -1 -1 -1 -1 
11 0 11 860 593 123 126 -1 -1 -1 -1 
11 0 12 277 102 29 58 -1 -1 -1 -1 
11 0 13 312 91 25 49 -1 -1 -1 -1 
12 2 1 394 86 131 170 -1 -1 -1 -1 
12 0 3 300 194 58 89 -1 -1 -1 -1 
12 0 4 741 277 53 62 -1 -1 -1 -1 
12 0 5 930 506 87 98 -1 -1 -1 -1 
12 0 6 712 227 45 52 -1 -1 -1 -1 
12 0 7 547 133 42 62 -1 -1 -1 -1 
12 0 8 352 108 32 56 -1 -1 -1 -1 
12 2 9 361 37 52 46 -1 -1 -1 -1 
12 0 10 705 333 79 107 -1 -1 -1 -1 
12 0 11 829 532 113 158 -1 -1 -1 -1 
13 2 1 393 87 133 170 -1 -1 -1 -1 
13 0 3 299 193 60 91 -1 -1 -1 -1 
13 0 4 742 277 51 61 -1 -1 -1 -1 
13 0 5 931 507 85 96 -1 -1 -1 -1 
13 0 6 712 227 45 52 -1 -1 -1 -1 
13 0 7 548 133 40 61 -1 -1 -1 -1 
13 0 8 353 109 30 55 -1 -1 -1 -1 
13 0 10 706 334 77 105 -1 -1 -1 -1 
13 0 11 828 531 115 160 -1 -1 -1 -1 
13 0 13 307 99 29 48 -1 -1 -1 -1 
14 2 1 393 87 133 170 -1 -1 -1 -1 
14 0 3 299 193 60 91 -1 -1 -1 -1 
14 0 4 742 278 51 60 -1 -1 -1 -1 
14 0 5 931 507 85 96 -1 -1 -1 -1 
14 0 6 712 227 45 52 -1 -1 -1 -1 
14 0 7 548 133 40 61 -1 -1 -1 -1 
14 0 8 353 109 30 55 -1 -1 -1 -1 
14 0 10 706 334 77 105 -1 -1 -1 -1 
14 0 11 828 531 115 160 -1 -1 -1 -1 
14 0 13 307 99 28 48 -1 -1 -1 -1 
15 2 1 394 84 131 171 -1 -1 -1 -1 
15 0 3 300 198 59 92 -1 -1 -1 -1 
15 0 4 739 274 51 59 -1 -1 -1 -1 
15 0 5 923 489 85 103 -1 -1 -1 -1 
15 0 6 714 226 44 53 -1 -1 -1 -1 
15 0 7 542 132 43 61 -1 -1 -1 -1 
15 0 8 351 109 32 55 -1 -1 -1 -1 
15 0 10 700 327 76 100 -1 -1 -1 -1 
15 0 11 819 522 110 149 -1 -1 -1 -1 
15 0 13 308 99 27 49 -1 -1 -1 -1 
16 2 1 397 86 128 172 -1 -1 -1 -1 
16 0 3 299 198 61 93 -1 -1 -1 -1 
16 0 4 740 275 49 57 -1 -1 -1 -1 
16 0 5 921 489 84 105 -1 -1 -1 -1 
16 0 6 714 226 44 53 -1 -1 -1 -1 
16 0 7 543 132 41 60 -1 -1 -1 -1 
16 0 8 352 110 30 54 -1 -1 -1 -1 
16 0 10 701 328 74 98 -1 -1 -1 -1 
16 0 11 819 522 110 149 -1 -1 -1 -1 
16 0 13 307 99 29 50 -1 -1 -1 -1 
17 2 1 394 72 133 194 -1 -1 -1 -1 
17 0 3 303 215 64 101 -1 -1 -1 -1 
17 0 4 727 260 55 61 -1 -1 -1 -1 
17 0 5 890 458 89 104 -1 -1 -1 -1 
17 0 6 714 225 45 54 -1 -1 -1 -1 
17 0 7 534 121 43 57 -1 -1 -1 -1 
17 0 8 347 115 34 56 -1 -1 -1 -1 
17 0 10 675 306 72 95 -1 -1 -1 -1 
17 0 11 791 474 102 143 -1 -1 -1 -1 
18 2 1 393 72 135 195 -1 -1 -1 -1 
18 0 3 302 215 66 103 -1 -1 -1 -1 
18 0 4 727 259 56 62 -1 -1 -1 -1 
18 0 5 890 458 88 103 -1 -1 -1 -1 
18 0 7 535 121 41 56 -1 -1 -1 -1 
18 0 8 346 115 35 57 -1 -1 -1 -1 
18 0 10 675 306 71 94 -1 -1 -1 -1 
18 0 11 791 474 102 144 -1 -1 -1 -1 
18 0 13 307 99 30 54 -1 -1 -1 -1 
19 2 1 394 73 136 194 -1 -1 -1 -1 
19 0 3 303 222 66 103 -1 -1 -1 -1 
19 0 4 724 256 54 62 -1 -1 -1 -1 
19 0 5 889 447 81 103 -1 -1 -1 -1 
19 0 7 533 118 42 56 -1 -1 -1 -1 
19 0 8 345 117 37 57 -1 -1 -1 -1 
19 0 10 672 298 67 96 -1 -1 -1 -1 
19 0 11 782 468 98 136 -1 -1 -1 -1 
19 0 13 306 103 29 52 -1 -1 -1 -1 
20 2 1 394 74 137 193 -1 -1 -1 -1 
20 0 3 303 222 66 103 -1 -1 -1 -1 
20 0 4 724 256 54 62 -1 -1 -1 -1 
20 0 5 889 446 81 103 -1 -1 -1 -1 
20 0 7 534 118 40 55 -1 -1 -1 -1 
20 0 8 345 118 37 57 -1 -1 -1 -1 
20 0 10 672 298 67 96 -1 -1 -1 -1 
20 0 11 782 468 98 135 -1 -1 -1 -1 
20 0 13 306 103 29 52 -1 -1 -1 -1 
21 2 1 394 73 137 194 -1 -1 -1 -1 
21 0 3 303 222 66 103 -1 -1 -1 -1 
21 0 4 724 256 54 62 -1 -1 -1 -1 
21 0 5 889 447 82 103 -1 -1 -1 -1 
21 0 7 534 118 40 55 -1 -1 -1 -1 
21 0 8 345 118 37 57 -1 -1 -1 -1 
21 0 10 672 298 67 96 -1 -1 -1 -1 
21 0 11 782 468 98 135 -1 -1 -1 -1 
21 0 13 306 104 29 51 -1 -1 -1 -1 
21 0 14 440 27 20 32 -1 -1 -1 -1 
22 2 1 393 75 143 198 -1 -1 -1 -1 
22 0 3 309 241 68 113 -1 -1 -1 -1 
22 0 4 722 250 49 61 -1 -1 -1 -1 
22 0 5 865 421 83 103 -1 -1 -1 -1 
22 0 7 528 113 36 53 -1 -1 -1 -1 
22 0 8 338 125 42 56 -1 -1 -1 -1 
22 2 9 364 38 57 55 -1 -1 -1 -1 
22 0 10 657 281 62 83 -1 -1 -1 -1 
22 0 11 754 430 93 127 -1 -1 -1 -1 
22 0 13 306 105 28 51 -1 -1 -1 -1 
23 2 1 392 76 145 198 -1 -1 -1 -1 
23 0 3 308 241 70 115 -1 -1 -1 -1 
23 0 4 723 250 47 60 -1 -1 -1 -1 
23 0 5 864 420 84 104 -1 -1 -1 -1 
23 0 7 529 113 34 52 -1 -1 -1 -1 
23 0 8 338 126 41 56 -1 -1 -1 -1 
23 2 9 365 38 56 56 -1 -1 -1 -1 
23 0 10 658 282 60 81 -1 -1 -1 -1 
23 0 11 754 430 92 126 -1 -1 -1 -1 
24 2 1 394 90 142 186 -1 -1 -1 -1 
24 0 3 312 245 69 120 -1 -1 -1 -1 
24 0 4 719 244 50 64 -1 -1 -1 -1 
24 0 5 858 419 87 96 -1 -1 -1 -1 
24 0 7 525 106 35 56 -1 -1 -1 -1 
24 0 8 338 128 37 56 -1 -1 -1 -1 
24 2 9 366 38 55 56 -1 -1 -1 -1 
24 0 10 653 270 61 80 -1 -1 -1 -1 
25 2 1 394 91 141 186 -1 -1 -1 -1 
25 0 3 311 244 71 122 -1 -1 -1 -1 
25 0 4 718 244 52 65 -1 -1 -1 -1 
25 0 5 859 420 85 94 -1 -1 -1 -1 
25 0 7 525 105 35 57 -1 -1 -1 -1 
25 0 8 338 128 37 57 -1 -1 -1 -1 
25 0 10 653 270 61 79 -1 -1 -1 -1 
25 0 11 747 419 90 121 -1 -1 -1 -1 
26 2 1 394 92 141 185 -1 -1 -1 -1 
26 0 3 311 244 71 122 -1 -1 -1 -1 
26 0 4 718 244 51 64 -1 -1 -1 -1 
26 0 5 859 420 85 94 -1 -1 -1 -1 
26 0 7 524 105 36 57 -1 -1 -1 -1 
26 0 8 338 128 38 57 -1 -1 -1 -1 
26 0 10 653 270 61 79 -1 -1 -1 -1 
26 0 11 747 419 90 121 -1 -1 -1 -1 
27 2 1 398 121 141 160 -1 -1 -1 -1 
27 0 3 319 271 74 127 -1 -1 -1 -1 
27 0 4 710 243 53 58 -1 -1 -1 -1 
27 0 5 845 399 77 88 -1 -1 -1 -1 
27 0 7 525 100 29 54 -1 -1 -1 -1 
27 0 8 335 135 38 61 -1 -1 -1 -1 
27 2 9 365 41 57 57 -1 -1 -1 -1 
27 0 10 634 253 57 75 -1 -1 -1 -1 
27 0 11 724 390 85 111 -1 -1 -1 -1 
28 2 1 399 123 139 159 -1 -1 -1 -1 
28 0 3 318 271 76 128 -1 -1 -1 -1 
28 0 4 711 244 51 56 -1 -1 -1 -1 
28 0 5 845 400 76 86 -1 -1 -1 -1 
28 0 7 525 101 29 52 -1 -1 -1 -1 
28 0 8 334 135 40 62 -1 -1 -1 -1 
28 2 9 365 42 57 55 -1 -1 -1 -1 
28 0 10 635 254 55 73 -1 -1 -1 -1 
28 0 11 725 391 83 109 -1 -1 -1 -1 
29 2 1 396 91 144 195 -1 -1 -1 -1 
29 0 3 321 280 78 129 -1 -1 -1 -1 
29 0 4 709 243 51 55 -1 -1 -1 -1 
29 0 5 840 392 75 87 -1 -1 -1 -1 
29 0 7 527 103 24 49 -1 -1 -1 -1 
29 0 8 333 136 40 63 -1 -1 -1 -1 
29 2 9 364 42 55 55 -1 -1 -1 -1 
29 0 10 630 250 55 72 -1 -1 -1 -1 
29 0 11 713 376 88 108 -1 -1 -1 -1 
29 0 17 907 616 91 102 -1 -1 -1 -1 
30 2 1 395 91 146 196 -1 -1 -1 -1 
30 0 3 321 280 79 130 -1 -1 -1 -1 
30 0 4 711 244 48 53 -1 -1 -1 -1 
30 0 5 840 392 75 87 -1 -1 -1 -1 
30 0 7 528 103 22 48 -1 -1 -1 -1 
30 0 8 333 137 40 62 -1 -1 -1 -1 
30 2 9 364 43 55 55 -1 -1 -1 -1 
30 0 10 631 251 54 71 -1 -1 -1 -1 
30 0 11 713 376 88 109 -1 -1 -1 -1 
30 0 17 907 615 92 104 -1 -1 -1 -1 
31 2 1 397 90 148 205 -1 -1 -1 -1 
31 0 3 327 308 87 143 -1 -1 -1 -1 
31 0 4 706 240 51 49 -1 -1 -1 -1 
31 0 5 822 372 77 85 -1 -1 -1 -1 
31 0 7 527 102 21 47 -1 -1 -1 -1 
31 0 8 330 144 39 64 -1 -1 -1 -1 
31 2 9 367 44 53 56 -1 -1 -1 -1 
31 0 10 619 224 53 73 -1 -1 -1 -1 
31 0 11 700 357 74 96 -1 -1 -1 -1 
31 0 13 328 78 29 44 -1 -1 -1 -1 
31 0 17 879 588 128 131 -1 -1 -1 -1 
32 2 1 396 93 149 203 -1 -1 -1 -1 
32 0 3 326 307 89 145 -1 -1 -1 -1 
32 0 4 706 241 50 47 -1 -1 -1 -1 
32 0 5 823 373 76 83 -1 -1 -1 -1 
32 0 8 329 144 41 66 -1 -1 -1 -1 
32 2 9 366 45 55 56 -1 -1 -1 -1 
32 0 10 619 223 53 74 -1 -1 -1 -1 
32 0 11 700 358 73 94 -1 -1 -1 -1 
32 0 13 329 77 27 44 -1 -1 -1 -1 
32 0 14 437 26 19 32 -1 -1 -1 -1 
32 0 17 878 587 130 132 -1 -1 -1 -1 
33 2 1 397 94 148 202 -1 -1 -1 -1 
33 0 3 326 307 89 145 -1 -1 -1 -1 
33 0 4 706 241 50 47 -1 -1 -1 -1 
33 0 5 823 373 76 83 -1 -1 -1 -1 
33 0 8 329 145 41 65 -1 -1 -1 -1 
33 2 9 366 45 55 56 -1 -1 -1 -1 
33 0 10 619 223 53 74 -1 -1 -1 -1 
33 0 11 700 358 73 94 -1 -1 -1 -1 
33 0 13 329 77 28 44 -1 -1 -1 -1 
33 0 14 436 25 21 34 -1 -1 -1 -1 
33 0 17 878 587 130 132 -1 -1 -1 -1 
33 0 18 757 196 33 56 -1 -1 -1 -1 
34 2 1 398 111 150 186 -1 -1 -1 -1 
34 0 3 330 323 91 145 -1 -1 -1 -1 
34 0 4 705 239 49 47 -1 -1 -1 -1 
34 0 5 816 372 78 78 -1 -1 -1 -1 
34 0 8 330 143 39 70 -1 -1 -1 -1 
34 2 9 367 43 56 56 -1 -1 -1 -1 
34 0 10 614 221 53 72 -1 -1 -1 -1 
34 0 11 689 348 81 91 -1 -1 -1 -1 
34 0 13 330 80 29 45 -1 -1 -1 -1 
34 0 14 435 25 21 34 -1 -1 -1 -1 
34 0 17 873 575 133 134 -1 -1 -1 -1 
34 0 18 755 197 38 56 -1 -1 -1 -1 
35 2 1 399 111 149 186 -1 -1 -1 -1 
35 0 3 330 323 91 146 -1 -1 -1 -1 
35 0 4 705 239 49 47 -1 -1 -1 -1 
35 0 5 817 372 76 77 -1 -1 -1 -1 
35 0 8 329 142 41 72 -1 -1 -1 -1 
35 2 9 367 43 56 56 -1 -1 -1 -1 
35 0 10 615 222 51 70 -1 -1 -1 -1 
35 0 11 690 349 79 89 -1 -1 -1 -1 
35 0 13 330 81 29 44 -1 -1 -1 -1 
35 0 14 435 25 21 34 -1 -1 -1 -1 
35 0 17 873 574 133 135 -1 -1 -1 -1 
35 0 18 756 198 35 54 -1 -1 -1 -1 
36 2 1 395 107 158 202 -1 -1 -1 -1 
36 0 3 344 360 95 156 -1 -1 -1 -1 
36 0 4 705 233 45 47 -1 -1 -1 -1 
36 0 5 802 353 74 79 -1 -1 -1 -1 
36 0 6 749 206 52 49 -1 -1 -1 -1 
36 0 8 324 152 45 70 -1 -1 -1 -1 
36 2 9 369 44 52 57 -1 -1 -1 -1 
36 0 10 602 207 49 71 -1 -1 -1 -1 
36 0 11 671 324 72 83 -1 -1 -1 -1 
36 0 13 332 80 31 50 -1 -1 -1 -1 
36 0 14 435 25 21 34 -1 -1 -1 -1 
37 2 1 395 107 159 203 -1 -1 -1 -1 
37 0 3 343 360 97 157 -1 -1 -1 -1 
37 0 4 706 233 43 46 -1 -1 -1 -1 
37 0 5 802 353 74 79 -1 -1 -1 -1 
37 0 6 750 207 50 47 -1 -1 -1 -1 
37 0 8 324 152 45 71 -1 -1 -1 -1 
37 2 9 368 45 54 57 -1 -1 -1 -1 
37 0 10 601 207 50 71 -1 -1 -1 -1 
37 0 11 672 325 70 81 -1 -1 -1 -1 
37 0 13 331 79 33 52 -1 -1 -1 -1 
37 0 17 841 525 120 136 -1 -1 -1 -1 
38 2 1 395 107 159 203 -1 -1 -1 -1 
38 0 3 343 360 97 157 -1 -1 -1 -1 
38 0 4 706 233 43 46 -1 -1 -1 -1 
38 0 5 802 353 74 79 -1 -1 -1 -1 
38 0 6 750 206 50 48 -1 -1 -1 -1 
38 0 8 324 152 45 71 -1 -1 -1 -1 
38 2 9 368 45 54 57 -1 -1 -1 -1 
38 0 10 602 207 49 71 -1 -1 -1 -1 
38 0 11 672 325 70 81 -1 -1 -1 -1 
38 0 13 331 79 33 52 -1 -1 -1 -1 
38 0 17 841 525 121 136 -1 -1 -1 -1 
39 2 1 396 105 158 207 -1 -1 -1 -1 
39 0 3 347 375 99 159 -1 -1 -1 -1 
39 0 4 706 229 42 47 -1 -1 -1 -1 
39 0 5 796 349 73 78 -1 -1 -1 -1 
39 0 6 753 205 50 48 -1 -1 -1 -1 
39 0 8 325 156 43 71 -1 -1 -1 -1 
39 2 9 369 46 53 56 -1 -1 -1 -1 
39 0 10 597 197 51 76 -1 -1 -1 -1 
39 0 11 664 313 71 88 -1 -1 -1 -1 
39 0 13 333 80 30 51 -1 -1 -1 -1 
39 0 14 432 25 22 33 -1 -1 -1 -1 
39 0 17 829 513 113 131 -1 -1 -1 -1 
40 2 1 395 105 161 209 -1 -1 -1 -1 
40 0 3 347 375 100 160 -1 -1 -1 -1 
40 0 4 706 229 42 47 -1 -1 -1 -1 
40 0 5 797 349 71 77 -1 -1 -1 -1 
40 0 6 753 204 50 49 -1 -1 -1 -1 
40 0 8 324 155 45 73 -1 -1 -1 -1 
40 2 9 369 47 53 56 -1 -1 -1 -1 
40 0 10 596 196 52 77 -1 -1 -1 -1 
40 0 11 664 313 71 88 -1 -1 -1 -1 
40 0 13 332 79 32 53 -1 -1 -1 -1 
40 0 14 433 25 20 32 -1 -1 -1 -1 
40 0 17 830 513 112 131 -1 -1 -1 -1 
41 2 1 396 97 164 228 -1 -1 -1 -1 
41 0 3 365 426 106 172 -1 -1 -1 -1 
41 0 4 705 221 42 47 -1 -1 -1 -1 
41 0 5 784 332 71 77 -1 -1 -1 -1 
41 0 6 760 206 51 48 -1 -1 -1 -1 
41 0 8 322 170 45 71 -1 -1 -1 -1 
41 2 9 367 49 55 58 -1 -1 -1 -1 
41 0 10 587 183 47 70 -1 -1 -1 -1 
41 0 11 650 294 64 82 -1 -1 -1 -1 
41 0 13 335 87 31 47 -1 -1 -1 -1 
41 0 14 431 24 20 32 -1 -1 -1 -1 
41 0 17 807 471 107 129 -1 -1 -1 -1 
42 2 1 395 96 166 230 -1 -1 -1 -1 
42 0 3 364 426 108 173 -1 -1 -1 -1 
42 0 4 706 222 40 45 -1 -1 -1 -1 
42 0 5 785 332 69 76 -1 -1 -1 -1 
42 0 6 761 206 50 47 -1 -1 -1 -1 
42 0 8 322 171 45 71 -1 -1 -1 -1 
42 2 9 367 48 59 59 -1 -1 -1 -1 
42 0 10 588 183 45 69 -1 -1 -1 -1 
42 0 11 651 295 62 80 -1 -1 -1 -1 
42 0 13 335 87 31 47 -1 -1 -1 -1 
42 0 14 430 23 21 32 -1 -1 -1 -1 
42 0 17 807 471 108 129 -1 -1 -1 -1 
43 2 1 395 107 168 222 -1 -1 -1 -1 
43 0 3 370 445 115 175 -1 -1 -1 -1 
43 0 4 706 218 41 46 -1 -1 -1 -1 
43 0 5 782 331 68 71 -1 -1 -1 -1 
43 0 6 765 207 49 47 -1 -1 -1 -1 
43 0 8 322 171 44 74 -1 -1 -1 -1 
43 2 9 367 49 56 60 -1 -1 -1 -1 
43 0 10 585 180 44 68 -1 -1 -1 -1 
43 0 11 646 282 61 81 -1 -1 -1 -1 
43 0 13 336 89 29 46 -1 -1 -1 -1 
43 0 14 431 25 21 30 -1 -1 -1 -1 
43 0 17 803 469 101 117 -1 -1 -1 -1 
44 2 1 395 108 168 222 -1 -1 -1 -1 
44 0 3 370 446 116 175 -1 -1 -1 -1 
44 0 4 706 218 41 46 -1 -1 -1 -1 
44 0 5 783 331 66 70 -1 -1 -1 -1 
44 0 6 765 207 49 47 -1 -1 -1 -1 
44 0 8 321 171 46 75 -1 -1 -1 -1 
44 2 9 366 50 58 60 -1 -1 -1 -1 
44 0 10 586 180 42 68 -1 -1 -1 -1 
44 0 11 646 282 60 81 -1 -1 -1 -1 
44 0 13 336 89 29 47 -1 -1 -1 -1 
44 0 14 432 25 19 30 -1 -1 -1 -1 
44 0 17 803 469 101 116 -1 -1 -1 -1 
45 2 1 395 109 168 221 -1 -1 -1 -1 
45 0 3 370 446 116 175 -1 -1 -1 -1 
45 0 4 706 218 41 46 -1 -1 -1 -1 
45 0 5 783 331 66 70 -1 -1 -1 -1 
45 0 6 765 207 49 47 -1 -1 -1 -1 
45 0 8 321 170 46 76 -1 -1 -1 -1 
45 2 9 366 50 58 60 -1 -1 -1 -1 
45 0 10 586 180 42 68 -1 -1 -1 -1 
45 0 11 645 282 62 81 -1 -1 -1 -1 
45 0 13 336 89 30 47 -1 -1 -1 -1 
45 0 14 432 26 19 29 -1 -1 -1 -1 
45 0 17 803 469 100 116 -1 -1 -1 -1 
45 0 20 285 134 34 58 -1 -1 -1 -1 
46 2 1 404 156 159 183 -1 -1 -1 -1 
46 0 3 389 502 133 206 -1 -1 -1 -1 
46 0 4 706 213 44 46 -1 -1 -1 -1 
46 0 5 770 317 68 72 -1 -1 -1 -1 
46 0 6 768 213 47 41 -1 -1 -1 -1 
46 0 8 320 179 45 80 -1 -1 -1 -1 
46 2 9 368 50 60 61 -1 -1 -1 -1 
46 0 10 575 164 43 70 -1 -1 -1 -1 
46 0 11 628 264 57 77 -1 -1 -1 -1 
46 0 13 338 92 34 47 -1 -1 -1 -1 
46 0 14 431 26 20 29 -1 -1 -1 -1 
46 0 17 775 436 91 110 -1 -1 -1 -1 
46 0 20 280 140 40 66 -1 -1 -1 -1 
47 2 1 403 155 163 183 -1 -1 -1 -1 
47 0 3 388 501 135 208 -1 -1 -1 -1 
47 0 4 707 214 43 44 -1 -1 -1 -1 
47 0 5 770 317 68 72 -1 -1 -1 -1 
47 0 6 769 214 45 39 -1 -1 -1 -1 
47 0 8 319 178 47 82 -1 -1 -1 -1 
47 2 9 368 51 60 60 -1 -1 -1 -1 
47 0 10 575 163 43 71 -1 -1 -1 -1 
47 0 11 629 265 55 75 -1 -1 -1 -1 
47 0 13 339 92 33 47 -1 -1 -1 -1 
47 0 17 776 436 89 109 -1 -1 -1 -1 
47 0 20 279 139 42 68 -1 -1 -1 -1 
48 2 1 403 128 162 219 -1 -1 -1 -1 
48 0 3 394 526 141 192 -1 -1 -1 -1 
48 0 4 708 211 44 46 -1 -1 -1 -1 
48 0 5 770 316 67 68 -1 -1 -1 -1 
48 0 6 771 215 48 39 -1 -1 -1 -1 
48 0 8 320 182 45 83 -1 -1 -1 -1 
48 2 9 369 50 63 60 -1 -1 -1 -1 
48 0 10 573 161 43 70 -1 -1 -1 -1 
48 0 11 623 255 58 78 -1 -1 -1 -1 
48 0 13 338 94 37 48 -1 -1 -1 -1 
48 0 14 432 24 17 30 -1 -1 -1 -1 
48 0 17 766 424 90 110 -1 -1 -1 -1 
48 0 20 281 146 39 63 -1 -1 -1 -1 
48 0 21 1065 615 134 101 -1 -1 -1 -1 
49 2 1 402 128 164 220 -1 -1 -1 -1 
49 0 3 394 526 141 192 -1 -1 -1 -1 
49 0 4 708 210 44 47 -1 -1 -1 -1 
49 0 5 771 316 65 67 -1 -1 -1 -1 
49 0 6 772 216 46 37 -1 -1 -1 -1 
49 0 8 319 181 47 85 -1 -1 -1 -1 
49 2 9 369 50 63 60 -1 -1 -1 -1 
49 0 10 574 161 41 69 -1 -1 -1 -1 
49 0 11 623 254 58 79 -1 -1 -1 -1 
49 0 13 338 95 37 47 -1 -1 -1 -1 
49 0 14 432 23 17 30 -1 -1 -1 -1 
49 0 17 767 423 89 111 -1 -1 -1 -1 
49 0 20 281 146 39 63 -1 -1 -1 -1 
49 0 21 1065 614 136 103 -1 -1 -1 -1 
50 2 1 402 127 164 221 -1 -1 -1 -1 
50 0 3 394 526 141 192 -1 -1 -1 -1 
50 0 4 708 209 44 48 -1 -1 -1 -1 
50 0 5 771 316 65 67 -1 -1 -1 -1 
50 0 6 772 216 46 37 -1 -1 -1 -1 
50 0 8 319 181 47 85 -1 -1 -1 -1 
50 2 9 369 50 63 60 -1 -1 -1 -1 
50 0 10 574 161 41 69 -1 -1 -1 -1 
50 0 11 623 254 58 79 -1 -1 -1 -1 
50 0 13 339 95 36 47 -1 -1 -1 -1 
50 0 14 432 23 17 30 -1 -1 -1 -1 
50 0 17 767 423 89 111 -1 -1 -1 -1 
50 0 20 281 147 39 62 -1 -1 -1 -1 
50 0 21 1064 614 136 103 -1 -1 -1 -1 
51 2 1 401 145 170 216 -1 -1 -1 -1 
51 0 3 398 538 143 181 -1 -1 -1 -1 
51 0 4 710 203 46 49 -1 -1 -1 -1 
51 0 5 760 304 62 67 -1 -1 -1 -1 
51 0 6 782 217 52 37 -1 -1 -1 -1 
51 0 8 317 197 48 83 -1 -1 -1 -1 
51 2 9 372 52 64 59 -1 -1 -1 -1 
51 0 10 565 148 42 65 -1 -1 -1 -1 
51 0 11 611 237 56 72 -1 -1 -1 -1 
51 0 13 342 96 34 54 -1 -1 -1 -1 
51 0 14 431 23 18 30 -1 -1 -1 -1 
51 0 17 742 385 86 114 -1 -1 -1 -1 
51 0 20 279 154 40 63 -1 -1 -1 -1 
52 2 1 401 144 170 218 -1 -1 -1 -1 
52 0 4 709 202 48 50 -1 -1 -1 -1 
52 0 5 761 304 60 66 -1 -1 -1 -1 
52 0 6 782 217 52 37 -1 -1 -1 -1 
52 0 8 317 198 48 83 -1 -1 -1 -1 
52 2 9 372 54 65 56 -1 -1 -1 -1 
52 0 10 566 148 40 64 -1 -1 -1 -1 
52 0 11 612 237 54 71 -1 -1 -1 -1 
52 0 13 341 95 36 56 -1 -1 -1 -1 
52 0 17 741 384 87 115 -1 -1 -1 -1 
52 0 20 279 155 40 64 -1 -1 -1 -1 
52 0 21 1038 592 136 127 -1 -1 -1 -1 
53 2 1 402 145 171 221 -1 -1 -1 -1 
53 0 4 710 202 47 48 -1 -1 -1 -1 
53 0 5 759 303 62 64 -1 -1 -1 -1 
53 0 6 787 216 48 38 -1 -1 -1 -1 
53 0 8 317 202 46 84 -1 -1 -1 -1 
53 2 9 373 55 65 55 -1 -1 -1 -1 
53 0 10 563 145 41 64 -1 -1 -1 -1 
53 0 11 607 229 52 74 -1 -1 -1 -1 
53 0 13 342 97 37 55 -1 -1 -1 -1 
53 0 17 733 378 89 108 -1 -1 -1 -1 
53 0 20 279 152 39 69 -1 -1 -1 -1 
53 0 21 1034 586 129 133 -1 -1 -1 -1 
53 0 22 255 271 65 130 -1 -1 -1 -1 
54 2 1 401 146 172 220 -1 -1 -1 -1 
54 0 4 710 202 47 47 -1 -1 -1 -1 
54 0 5 760 304 60 62 -1 -1 -1 -1 
54 0 6 787 216 47 38 -1 -1 -1 -1 
54 0 8 316 203 48 84 -1 -1 -1 -1 
54 0 10 564 145 39 63 -1 -1 -1 -1 
54 0 11 606 228 54 74 -1 -1 -1 -1 
54 0 13 342 97 37 55 -1 -1 -1 -1 
54 0 17 734 378 87 107 -1 -1 -1 -1 
54 0 20 278 151 41 71 -1 -1 -1 -1 
54 0 21 1033 585 130 134 -1 -1 -1 -1 
54 0 22 256 272 63 128 -1 -1 -1 -1 
55 2 1 399 122 178 259 -1 -1 -1 -1 
55 0 4 715 194 46 54 -1 -1 -1 -1 
55 0 5 749 284 58 60 -1 -1 -1 -1 
55 0 6 806 207 52 41 -1 -1 -1 -1 
55 0 7 464 60 27 32 -1 -1 -1 -1 
55 0 8 317 219 43 89 -1 -1 -1 -1 
55 2 9 377 55 60 61 -1 -1 -1 -1 
55 0 10 567 130 30 55 -1 -1 -1 -1 
55 0 11 592 213 53 71 -1 -1 -1 -1 
55 0 13 346 104 37 55 -1 -1 -1 -1 
55 0 17 716 354 84 100 -1 -1 -1 -1 
55 0 20 278 164 40 75 -1 -1 -1 -1 
55 0 21 1020 570 115 142 -1 -1 -1 -1 
55 0 22 257 277 62 127 -1 -1 -1 -1 
56 2 1 398 121 180 261 -1 -1 -1 -1 
56 0 4 714 193 48 56 -1 -1 -1 -1 
56 0 5 749 279 54 60 -1 -1 -1 -1 
56 0 6 810 206 53 42 -1 -1 -1 -1 
56 0 7 464 59 27 33 -1 -1 -1 -1 
56 0 8 316 219 44 90 -1 -1 -1 -1 
56 2 9 376 55 62 62 -1 -1 -1 -1 
56 0 10 568 130 28 53 -1 -1 -1 -1 
56 0 11 593 214 51 70 -1 -1 -1 -1 
56 0 13 345 104 39 55 -1 -1 -1 -1 
56 0 17 717 354 82 99 -1 -1 -1 -1 
56 0 20 277 163 42 77 -1 -1 -1 -1 
56 0 21 1019 569 117 144 -1 -1 -1 -1 
57 2 1 398 121 180 261 -1 -1 -1 -1 
57 0 4 714 193 48 56 -1 -1 -1 -1 
57 0 5 749 279 54 60 -1 -1 -1 -1 
57 0 7 464 59 27 33 -1 -1 -1 -1 
57 0 8 316 218 44 91 -1 -1 -1 -1 
57 2 9 376 55 62 62 -1 -1 -1 -1 
57 0 10 568 131 28 52 -1 -1 -1 -1 
57 0 11 593 213 51 71 -1 -1 -1 -1 
57 0 13 345 105 39 54 -1 -1 -1 -1 
57 0 17 717 355 82 98 -1 -1 -1 -1 
57 0 20 277 163 42 77 -1 -1 -1 -1 
57 0 21 1019 569 117 144 -1 -1 -1 -1 
57 0 25 340 26 24 42 -1 -1 -1 -1 
58 2 1 399 109 181 278 -1 -1 -1 -1 
58 0 4 715 194 47 55 -1 -1 -1 -1 
58 0 5 748 281 56 55 -1 -1 -1 -1 
58 0 7 462 60 26 33 -1 -1 -1 -1 
58 0 8 316 222 44 92 -1 -1 -1 -1 
58 2 9 376 56 61 55 -1 -1 -1 -1 
58 0 10 566 125 29 47 -1 -1 -1 -1 
58 0 11 590 206 51 71 -1 -1 -1 -1 
58 0 13 349 105 36 55 -1 -1 -1 -1 
58 0 17 709 344 83 98 -1 -1 -1 -1 
58 0 20 278 166 41 75 -1 -1 -1 -1 
58 0 21 1014 556 114 148 -1 -1 -1 -1 
58 0 22 258 307 66 148 -1 -1 -1 -1 
58 0 25 339 26 24 42 -1 -1 -1 -1 
59 2 1 398 110 183 278 -1 -1 -1 -1 
59 0 4 715 194 47 54 -1 -1 -1 -1 
59 0 5 749 282 54 53 -1 -1 -1 -1 
59 0 7 462 59 26 34 -1 -1 -1 -1 
59 0 8 315 222 46 94 -1 -1 -1 -1 
59 2 9 376 56 61 55 -1 -1 -1 -1 
59 0 10 567 126 27 45 -1 -1 -1 -1 
59 0 11 590 205 51 72 -1 -1 -1 -1 
59 0 13 348 105 38 56 -1 -1 -1 -1 
59 0 17 709 343 82 99 -1 -1 -1 -1 
59 0 20 278 167 41 75 -1 -1 -1 -1 
59 0 21 1015 555 113 149 -1 -1 -1 -1 
59 0 22 257 306 68 150 -1 -1 -1 -1 
59 0 25 338 25 26 44 -1 -1 -1 -1 
60 2 1 401 124 187 277 -1 -1 -1 -1 
60 0 4 721 194 51 50 -1 -1 -1 -1 
60 0 5 750 270 44 62 -1 -1 -1 -1 
60 0 7 458 57 24 35 -1 -1 -1 -1 
60 0 8 312 240 50 99 -1 -1 -1 -1 
60 2 9 379 54 62 57 -1 -1 -1 -1 
60 0 10 566 122 26 44 -1 -1 -1 -1 
60 0 11 580 192 48 70 -1 -1 -1 -1 
60 0 13 351 108 38 56 -1 -1 -1 -1 
60 0 17 691 324 75 90 -1 -1 -1 -1 
60 0 20 280 173 39 80 -1 -1 -1 -1 
60 0 21 991 545 108 126 -1 -1 -1 -1 
60 0 22 256 345 79 157 -1 -1 -1 -1 
60 0 25 338 26 25 43 -1 -1 -1 -1 
61 2 1 401 125 187 277 -1 -1 -1 -1 
61 0 4 721 194 51 49 -1 -1 -1 -1 
61 0 5 750 269 44 63 -1 -1 -1 -1 
61 0 7 458 56 24 36 -1 -1 -1 -1 
61 0 8 311 240 53 101 -1 -1 -1 -1 
61 2 9 379 54 62 58 -1 -1 -1 -1 
61 0 11 581 192 46 69 -1 -1 -1 -1 
61 0 13 352 109 36 56 -1 -1 -1 -1 
61 0 17 693 325 72 88 -1 -1 -1 -1 
61 0 20 279 173 41 81 -1 -1 -1 -1 
61 0 21 991 545 108 126 -1 -1 -1 -1 
61 0 22 255 346 81 157 -1 -1 -1 -1 
61 0 25 338 27 25 43 -1 -1 -1 -1 
61 0 26 291 87 38 50 -1 -1 -1 -1 
62 2 1 401 124 187 278 -1 -1 -1 -1 
62 0 4 722 194 49 49 -1 -1 -1 -1 
62 0 5 750 268 44 64 -1 -1 -1 -1 
62 0 7 457 56 26 36 -1 -1 -1 -1 
62 0 8 311 239 53 102 -1 -1 -1 -1 
62 2 9 378 53 64 59 -1 -1 -1 -1 
62 0 11 581 192 46 69 -1 -1 -1 -1 
62 0 13 351 109 38 57 -1 -1 -1 -1 
62 0 17 692 325 73 88 -1 -1 -1 -1 
62 0 20 279 172 41 82 -1 -1 -1 -1 
62 0 21 991 545 108 126 -1 -1 -1 -1 
62 0 22 255 346 81 157 -1 -1 -1 -1 
62 0 25 338 27 25 43 -1 -1 -1 -1 
62 0 26 292 87 36 49 -1 -1 -1 -1 
63 2 1 401 127 189 277 -1 -1 -1 -1 
63 0 4 722 196 53 47 -1 -1 -1 -1 
63 0 5 748 269 45 60 -1 -1 -1 -1 
63 0 7 456 53 24 38 -1 -1 -1 -1 
63 0 8 310 246 54 98 -1 -1 -1 -1 
63 2 9 379 54 63 58 -1 -1 -1 -1 
63 0 11 578 188 45 69 -1 -1 -1 -1 
63 0 13 353 110 40 58 -1 -1 -1 -1 
63 0 17 686 315 78 91 -1 -1 -1 -1 
63 0 20 279 174 41 83 -1 -1 -1 -1 
63 0 21 987 538 103 124 -1 -1 -1 -1 
63 0 22 255 361 83 160 -1 -1 -1 -1 
63 0 25 339 27 24 43 -1 -1 -1 -1 
64 2 1 401 126 188 278 -1 -1 -1 -1 
64 0 4 723 197 51 45 -1 -1 -1 -1 
64 0 5 748 269 45 60 -1 -1 -1 -1 
64 0 7 455 52 26 39 -1 -1 -1 -1 
64 0 8 310 246 54 97 -1 -1 -1 -1 
64 0 11 577 187 47 69 -1 -1 -1 -1 
64 0 13 353 111 40 57 -1 -1 -1 -1 
64 0 17 686 315 78 91 -1 -1 -1 -1 
64 0 21 987 538 103 124 -1 -1 -1 -1 
64 0 22 253 361 87 161 -1 -1 -1 -1 
64 0 25 338 27 26 44 -1 -1 -1 -1 
64 0 26 291 88 38 52 -1 -1 -1 -1 
65 2 1 405 144 198 275 -1 -1 -1 -1 
65 0 4 734 188 52 51 -1 -1 -1 -1 
65 0 5 742 256 44 65 -1 -1 -1 -1 
65 0 7 450 46 27 40 -1 -1 -1 -1 
65 0 8 305 269 56 103 -1 -1 -1 -1 
65 0 11 575 184 45 68 -1 -1 -1 -1 
65 0 13 359 120 41 55 -1 -1 -1 -1 
65 0 17 675 298 66 91 -1 -1 -1 -1 
65 0 21 964 511 106 126 -1 -1 -1 -1 
65 0 22 257 398 94 179 -1 -1 -1 -1 
65 0 25 337 27 25 44 -1 -1 -1 -1 
