51 2 1 401 145 170 216 -1 -1 -1 -1 
51 0 3 398 538 143 181 -1 -1 -1 -1 
51 0 4 710 203 46 49 -1 -1 -1 -1 
51 0 5 760 304 62 67 -1 -1 -1 -1 
51 0 6 782 217 52 37 -1 -1 -1 -1 
51 0 8 317 197 48 83 -1 -1 -1 -1 
51 2 9 372 52 64 59 -1 -1 -1 -1 
51 0 10 565 148 42 65 -1 -1 -1 -1 
51 0 11 611 237 56 72 -1 -1 -1 -1 
51 0 13 342 96 34 54 -1 -1 -1 -1 
51 0 14 431 23 18 30 -1 -1 -1 -1 
51 0 17 742 385 86 114 -1 -1 -1 -1 
51 0 20 279 154 40 63 -1 -1 -1 -1 
52 2 1 401 144 170 218 -1 -1 -1 -1 
52 0 4 709 202 48 50 -1 -1 -1 -1 
52 0 5 761 304 60 66 -1 -1 -1 -1 
52 0 6 782 217 52 37 -1 -1 -1 -1 
52 0 8 317 198 48 83 -1 -1 -1 -1 
52 2 9 372 54 65 56 -1 -1 -1 -1 
52 0 10 566 148 40 64 -1 -1 -1 -1 
52 0 11 612 237 54 71 -1 -1 -1 -1 
52 0 13 341 95 36 56 -1 -1 -1 -1 
52 0 17 741 384 87 115 -1 -1 -1 -1 
52 0 20 279 155 40 64 -1 -1 -1 -1 
52 0 21 1038 592 136 127 -1 -1 -1 -1 
53 2 1 402 145 171 221 -1 -1 -1 -1 
53 0 4 710 202 47 48 -1 -1 -1 -1 
53 0 5 759 303 62 64 -1 -1 -1 -1 
53 0 6 787 216 48 38 -1 -1 -1 -1 
53 0 8 317 202 46 84 -1 -1 -1 -1 
53 2 9 373 55 65 55 -1 -1 -1 -1 
53 0 10 563 145 41 64 -1 -1 -1 -1 
53 0 11 607 229 52 74 -1 -1 -1 -1 
53 0 13 342 97 37 55 -1 -1 -1 -1 
53 0 17 733 378 89 108 -1 -1 -1 -1 
53 0 20 279 152 39 69 -1 -1 -1 -1 
53 0 21 1034 586 129 133 -1 -1 -1 -1 
53 0 22 255 271 65 130 -1 -1 -1 -1 
54 2 1 401 146 172 220 -1 -1 -1 -1 
54 0 4 710 202 47 47 -1 -1 -1 -1 
54 0 5 760 304 60 62 -1 -1 -1 -1 
54 0 6 787 216 47 38 -1 -1 -1 -1 
54 0 8 316 203 48 84 -1 -1 -1 -1 
54 0 10 564 145 39 63 -1 -1 -1 -1 
54 0 11 606 228 54 74 -1 -1 -1 -1 
54 0 13 342 97 37 55 -1 -1 -1 -1 
54 0 17 734 378 87 107 -1 -1 -1 -1 
54 0 20 278 151 41 71 -1 -1 -1 -1 
54 0 21 1033 585 130 134 -1 -1 -1 -1 
54 0 22 256 272 63 128 -1 -1 -1 -1 
55 2 1 399 122 178 259 -1 -1 -1 -1 
55 0 4 715 194 46 54 -1 -1 -1 -1 
55 0 5 749 284 58 60 -1 -1 -1 -1 
55 0 6 806 207 52 41 -1 -1 -1 -1 
55 0 7 464 60 27 32 -1 -1 -1 -1 
55 0 8 317 219 43 89 -1 -1 -1 -1 
55 2 9 377 55 60 61 -1 -1 -1 -1 
55 0 10 567 130 30 55 -1 -1 -1 -1 
55 0 11 592 213 53 71 -1 -1 -1 -1 
55 0 13 346 104 37 55 -1 -1 -1 -1 
55 0 17 716 354 84 100 -1 -1 -1 -1 
55 0 20 278 164 40 75 -1 -1 -1 -1 
55 0 21 1020 570 115 142 -1 -1 -1 -1 
55 0 22 257 277 62 127 -1 -1 -1 -1 
56 2 1 398 121 180 261 -1 -1 -1 -1 
56 0 4 714 193 48 56 -1 -1 -1 -1 
56 0 5 749 279 54 60 -1 -1 -1 -1 
56 0 6 810 206 53 42 -1 -1 -1 -1 
56 0 7 464 59 27 33 -1 -1 -1 -1 
56 0 8 316 219 44 90 -1 -1 -1 -1 
56 2 9 376 55 62 62 -1 -1 -1 -1 
56 0 10 568 130 28 53 -1 -1 -1 -1 
56 0 11 593 214 51 70 -1 -1 -1 -1 
56 0 13 345 104 39 55 -1 -1 -1 -1 
56 0 17 717 354 82 99 -1 -1 -1 -1 
56 0 20 277 163 42 77 -1 -1 -1 -1 
56 0 21 1019 569 117 144 -1 -1 -1 -1 
57 2 1 398 121 180 261 -1 -1 -1 -1 
57 0 4 714 193 48 56 -1 -1 -1 -1 
57 0 5 749 279 54 60 -1 -1 -1 -1 
57 0 7 464 59 27 33 -1 -1 -1 -1 
57 0 8 316 218 44 91 -1 -1 -1 -1 
57 2 9 376 55 62 62 -1 -1 -1 -1 
57 0 10 568 131 28 52 -1 -1 -1 -1 
57 0 11 593 213 51 71 -1 -1 -1 -1 
57 0 13 345 105 39 54 -1 -1 -1 -1 
57 0 17 717 355 82 98 -1 -1 -1 -1 
57 0 20 277 163 42 77 -1 -1 -1 -1 
57 0 21 1019 569 117 144 -1 -1 -1 -1 
57 0 25 340 26 24 42 -1 -1 -1 -1 
58 2 1 399 109 181 278 -1 -1 -1 -1 
58 0 4 715 194 47 55 -1 -1 -1 -1 
58 0 5 748 281 56 55 -1 -1 -1 -1 
58 0 7 462 60 26 33 -1 -1 -1 -1 
58 0 8 316 222 44 92 -1 -1 -1 -1 
58 2 9 376 56 61 55 -1 -1 -1 -1 
58 0 10 566 125 29 47 -1 -1 -1 -1 
58 0 11 590 206 51 71 -1 -1 -1 -1 
58 0 13 349 105 36 55 -1 -1 -1 -1 
58 0 17 709 344 83 98 -1 -1 -1 -1 
58 0 20 278 166 41 75 -1 -1 -1 -1 
58 0 21 1014 556 114 148 -1 -1 -1 -1 
58 0 22 258 307 66 148 -1 -1 -1 -1 
58 0 25 339 26 24 42 -1 -1 -1 -1 
59 2 1 398 110 183 278 -1 -1 -1 -1 
59 0 4 715 194 47 54 -1 -1 -1 -1 
59 0 5 749 282 54 53 -1 -1 -1 -1 
59 0 7 462 59 26 34 -1 -1 -1 -1 
59 0 8 315 222 46 94 -1 -1 -1 -1 
59 2 9 376 56 61 55 -1 -1 -1 -1 
59 0 10 567 126 27 45 -1 -1 -1 -1 
59 0 11 590 205 51 72 -1 -1 -1 -1 
59 0 13 348 105 38 56 -1 -1 -1 -1 
59 0 17 709 343 82 99 -1 -1 -1 -1 
59 0 20 278 167 41 75 -1 -1 -1 -1 
59 0 21 1015 555 113 149 -1 -1 -1 -1 
59 0 22 257 306 68 150 -1 -1 -1 -1 
59 0 25 338 25 26 44 -1 -1 -1 -1 
60 2 1 401 124 187 277 -1 -1 -1 -1 
60 0 4 721 194 51 50 -1 -1 -1 -1 
60 0 5 750 270 44 62 -1 -1 -1 -1 
60 0 7 458 57 24 35 -1 -1 -1 -1 
60 0 8 312 240 50 99 -1 -1 -1 -1 
60 2 9 379 54 62 57 -1 -1 -1 -1 
60 0 10 566 122 26 44 -1 -1 -1 -1 
60 0 11 580 192 48 70 -1 -1 -1 -1 
60 0 13 351 108 38 56 -1 -1 -1 -1 
60 0 17 691 324 75 90 -1 -1 -1 -1 
60 0 20 280 173 39 80 -1 -1 -1 -1 
60 0 21 991 545 108 126 -1 -1 -1 -1 
60 0 22 256 345 79 157 -1 -1 -1 -1 
60 0 25 338 26 25 43 -1 -1 -1 -1 
61 2 1 401 125 187 277 -1 -1 -1 -1 
61 0 4 721 194 51 49 -1 -1 -1 -1 
61 0 5 750 269 44 63 -1 -1 -1 -1 
61 0 7 458 56 24 36 -1 -1 -1 -1 
61 0 8 311 240 53 101 -1 -1 -1 -1 
61 2 9 379 54 62 58 -1 -1 -1 -1 
61 0 11 581 192 46 69 -1 -1 -1 -1 
61 0 13 352 109 36 56 -1 -1 -1 -1 
61 0 17 693 325 72 88 -1 -1 -1 -1 
61 0 20 279 173 41 81 -1 -1 -1 -1 
61 0 21 991 545 108 126 -1 -1 -1 -1 
61 0 22 255 346 81 157 -1 -1 -1 -1 
61 0 25 338 27 25 43 -1 -1 -1 -1 
61 0 26 291 87 38 50 -1 -1 -1 -1 
62 2 1 401 124 187 278 -1 -1 -1 -1 
62 0 4 722 194 49 49 -1 -1 -1 -1 
62 0 5 750 268 44 64 -1 -1 -1 -1 
62 0 7 457 56 26 36 -1 -1 -1 -1 
62 0 8 311 239 53 102 -1 -1 -1 -1 
62 2 9 378 53 64 59 -1 -1 -1 -1 
62 0 11 581 192 46 69 -1 -1 -1 -1 
62 0 13 351 109 38 57 -1 -1 -1 -1 
62 0 17 692 325 73 88 -1 -1 -1 -1 
62 0 20 279 172 41 82 -1 -1 -1 -1 
62 0 21 991 545 108 126 -1 -1 -1 -1 
62 0 22 255 346 81 157 -1 -1 -1 -1 
62 0 25 338 27 25 43 -1 -1 -1 -1 
62 0 26 292 87 36 49 -1 -1 -1 -1 
63 2 1 401 127 189 277 -1 -1 -1 -1 
63 0 4 722 196 53 47 -1 -1 -1 -1 
63 0 5 748 269 45 60 -1 -1 -1 -1 
63 0 7 456 53 24 38 -1 -1 -1 -1 
63 0 8 310 246 54 98 -1 -1 -1 -1 
63 2 9 379 54 63 58 -1 -1 -1 -1 
63 0 11 578 188 45 69 -1 -1 -1 -1 
63 0 13 353 110 40 58 -1 -1 -1 -1 
63 0 17 686 315 78 91 -1 -1 -1 -1 
63 0 20 279 174 41 83 -1 -1 -1 -1 
63 0 21 987 538 103 124 -1 -1 -1 -1 
63 0 22 255 361 83 160 -1 -1 -1 -1 
63 0 25 339 27 24 43 -1 -1 -1 -1 
64 2 1 401 126 188 278 -1 -1 -1 -1 
64 0 4 723 197 51 45 -1 -1 -1 -1 
64 0 5 748 269 45 60 -1 -1 -1 -1 
64 0 7 455 52 26 39 -1 -1 -1 -1 
64 0 8 310 246 54 97 -1 -1 -1 -1 
64 0 11 577 187 47 69 -1 -1 -1 -1 
64 0 13 353 111 40 57 -1 -1 -1 -1 
64 0 17 686 315 78 91 -1 -1 -1 -1 
64 0 21 987 538 103 124 -1 -1 -1 -1 
64 0 22 253 361 87 161 -1 -1 -1 -1 
64 0 25 338 27 26 44 -1 -1 -1 -1 
64 0 26 291 88 38 52 -1 -1 -1 -1 
65 2 1 405 144 198 275 -1 -1 -1 -1 
65 0 4 734 188 52 51 -1 -1 -1 -1 
65 0 5 742 256 44 65 -1 -1 -1 -1 
65 0 7 450 46 27 40 -1 -1 -1 -1 
65 0 8 305 269 56 103 -1 -1 -1 -1 
65 0 11 575 184 45 68 -1 -1 -1 -1 
65 0 13 359 120 41 55 -1 -1 -1 -1 
65 0 17 675 298 66 91 -1 -1 -1 -1 
65 0 21 964 511 106 126 -1 -1 -1 -1 
65 0 22 257 398 94 179 -1 -1 -1 -1 
65 0 25 337 27 25 44 -1 -1 -1 -1 
