41 3 1 1068 410 109 84 -1 -1 -1 -1 
41 3 2 707 447 110 79 -1 -1 -1 -1 
41 3 4 474 485 97 76 -1 -1 -1 -1 
42 3 1 1081 417 110 79 -1 -1 -1 -1 
42 3 2 724 438 105 85 -1 -1 -1 -1 
42 3 4 481 479 99 80 -1 -1 -1 -1 
43 3 1 1095 409 112 84 -1 -1 -1 -1 
43 3 2 735 446 107 78 -1 -1 -1 -1 
43 3 4 493 491 98 69 -1 -1 -1 -1 
44 3 1 1107 401 113 92 -1 -1 -1 -1 
44 3 2 744 441 111 80 -1 -1 -1 -1 
44 3 4 502 489 95 69 -1 -1 -1 -1 
45 3 1 1124 404 108 88 -1 -1 -1 -1 
45 3 2 754 446 111 74 -1 -1 -1 -1 
45 3 4 514 483 98 72 -1 -1 -1 -1 
46 3 1 1130 404 122 87 -1 -1 -1 -1 
46 3 2 770 440 106 79 -1 -1 -1 -1 
46 3 4 522 478 97 75 -1 -1 -1 -1 
47 3 1 1146 400 116 91 -1 -1 -1 -1 
47 3 2 781 446 111 74 -1 -1 -1 -1 
47 3 4 530 476 103 78 -1 -1 -1 -1 
48 3 1 1158 396 117 92 -1 -1 -1 -1 
48 3 2 791 447 112 71 -1 -1 -1 -1 
48 3 4 540 468 101 85 -1 -1 -1 -1 
49 3 1 1175 409 115 79 -1 -1 -1 -1 
49 3 2 806 432 107 82 -1 -1 -1 -1 
49 3 4 549 464 105 86 -1 -1 -1 -1 
