3 2 1 587 913 241 174 -1 -1 -1 -1 
3 2 2 775 628 131 160 -1 -1 -1 -1 
3 2 3 1304 626 135 108 -1 -1 -1 -1 
3 0 4 310 888 83 126 -1 -1 -1 -1 
3 0 5 485 877 75 116 -1 -1 -1 -1 
3 0 6 1550 867 89 124 -1 -1 -1 -1 
3 0 7 1436 931 101 139 -1 -1 -1 -1 
3 2 8 1168 552 132 164 -1 -1 -1 -1 
3 0 9 525 736 57 91 -1 -1 -1 -1 
3 0 10 1152 746 65 105 -1 -1 -1 -1 
3 0 11 415 752 67 93 -1 -1 -1 -1 
3 0 12 1023 614 43 67 -1 -1 -1 -1 
3 0 13 645 633 42 71 -1 -1 -1 -1 
3 0 14 207 742 69 106 -1 -1 -1 -1 
3 2 15 903 438 49 59 -1 -1 -1 -1 
3 0 16 712 680 45 75 -1 -1 -1 -1 
3 0 17 1246 722 61 93 -1 -1 -1 -1 
3 0 18 1707 777 94 93 -1 -1 -1 -1 
3 2 19 684 438 51 53 -1 -1 -1 -1 
3 0 20 1511 671 65 79 -1 -1 -1 -1 
3 0 21 1337 540 36 52 -1 -1 -1 -1 
3 0 22 673 558 36 56 -1 -1 -1 -1 
3 0 23 1127 561 36 65 -1 -1 -1 -1 
3 0 24 1656 717 69 80 -1 -1 -1 -1 
3 0 25 1057 567 38 65 -1 -1 -1 -1 
3 0 26 744 549 33 53 -1 -1 -1 -1 
3 0 27 814 566 42 57 -1 -1 -1 -1 
3 2 28 1213 474 72 58 -1 -1 -1 -1 
3 2 29 1108 442 54 50 -1 -1 -1 -1 
3 0 30 833 500 27 44 -1 -1 -1 -1 
3 0 31 541 643 48 69 -1 -1 -1 -1 
3 2 32 721 386 41 36 -1 -1 -1 -1 
3 2 33 1050 421 48 47 -1 -1 -1 -1 
3 0 34 1090 535 30 58 -1 -1 -1 -1 
3 0 35 1470 579 48 62 -1 -1 -1 -1 
3 0 36 1290 528 33 51 -1 -1 -1 -1 
3 0 37 792 513 28 55 -1 -1 -1 -1 
3 2 38 1165 383 38 32 -1 -1 -1 -1 
3 0 39 740 498 29 45 -1 -1 -1 -1 
3 2 40 1134 485 62 61 -1 -1 -1 -1 
3 0 41 870 464 25 46 -1 -1 -1 -1 
3 0 42 1017 536 29 50 -1 -1 -1 -1 
3 2 43 1017 466 57 62 -1 -1 -1 -1 
3 0 44 645 502 31 56 -1 -1 -1 -1 
3 0 45 1085 474 24 42 -1 -1 -1 -1 
3 2 46 892 361 32 34 -1 -1 -1 -1 
3 0 47 1435 567 35 55 -1 -1 -1 -1 
3 0 49 1183 460 24 37 -1 -1 -1 -1 
3 0 50 809 467 25 47 -1 -1 -1 -1 
4 2 1 583 928 245 156 -1 -1 -1 -1 
4 2 2 772 628 131 165 -1 -1 -1 -1 
4 2 3 1303 622 133 109 -1 -1 -1 -1 
4 0 4 306 895 85 128 -1 -1 -1 -1 
4 0 5 481 884 74 121 -1 -1 -1 -1 
4 0 6 1539 859 92 123 -1 -1 -1 -1 
4 0 7 1432 915 94 143 -1 -1 -1 -1 
4 2 8 1167 552 132 158 -1 -1 -1 -1 
4 0 9 521 740 59 91 -1 -1 -1 -1 
4 0 10 1149 741 63 102 -1 -1 -1 -1 
4 0 11 411 757 61 93 -1 -1 -1 -1 
4 0 12 1024 615 40 63 -1 -1 -1 -1 
4 0 13 643 638 42 71 -1 -1 -1 -1 
4 0 14 205 746 70 105 -1 -1 -1 -1 
4 2 15 902 438 52 60 -1 -1 -1 -1 
4 0 16 709 686 42 89 -1 -1 -1 -1 
4 0 17 1243 716 61 95 -1 -1 -1 -1 
4 0 18 1699 768 92 94 -1 -1 -1 -1 
4 2 19 682 438 53 54 -1 -1 -1 -1 
4 0 20 1506 670 64 78 -1 -1 -1 -1 
4 0 21 1336 538 37 53 -1 -1 -1 -1 
4 0 22 670 561 38 55 -1 -1 -1 -1 
4 0 23 1126 560 37 66 -1 -1 -1 -1 
4 0 24 1650 710 69 83 -1 -1 -1 -1 
4 0 25 1058 565 35 63 -1 -1 -1 -1 
4 0 26 743 552 34 53 -1 -1 -1 -1 
4 0 27 813 568 44 60 -1 -1 -1 -1 
4 2 28 1214 477 70 57 -1 -1 -1 -1 
4 2 29 1108 443 53 48 -1 -1 -1 -1 
4 0 30 832 501 29 45 -1 -1 -1 -1 
4 0 31 539 649 50 63 -1 -1 -1 -1 
4 2 32 720 385 43 38 -1 -1 -1 -1 
4 2 33 1048 421 51 48 -1 -1 -1 -1 
4 0 34 1089 535 31 57 -1 -1 -1 -1 
4 0 35 1469 570 47 71 -1 -1 -1 -1 
4 0 36 1288 528 35 51 -1 -1 -1 -1 
4 0 37 791 514 29 57 -1 -1 -1 -1 
4 2 38 1169 387 37 31 -1 -1 -1 -1 
4 0 39 739 500 26 44 -1 -1 -1 -1 
4 2 40 1136 486 59 59 -1 -1 -1 -1 
4 0 41 870 467 24 47 -1 -1 -1 -1 
4 0 42 1017 535 29 51 -1 -1 -1 -1 
4 2 43 1017 467 56 61 -1 -1 -1 -1 
4 0 44 644 505 33 53 -1 -1 -1 -1 
4 0 45 1085 475 24 40 -1 -1 -1 -1 
4 2 46 891 361 33 34 -1 -1 -1 -1 
4 0 47 1431 566 35 54 -1 -1 -1 -1 
4 0 49 1181 460 26 38 -1 -1 -1 -1 
4 0 50 810 469 22 45 -1 -1 -1 -1 
5 2 1 594 936 230 144 -1 -1 -1 -1 
5 2 2 770 631 134 166 -1 -1 -1 -1 
5 2 3 1300 622 137 104 -1 -1 -1 -1 
5 0 4 300 900 82 129 -1 -1 -1 -1 
5 0 5 474 888 77 124 -1 -1 -1 -1 
5 0 6 1529 845 87 124 -1 -1 -1 -1 
5 0 7 1422 910 96 139 -1 -1 -1 -1 
5 2 8 1164 549 130 158 -1 -1 -1 -1 
5 0 9 518 746 59 88 -1 -1 -1 -1 
5 0 10 1145 738 65 101 -1 -1 -1 -1 
5 0 11 404 763 65 94 -1 -1 -1 -1 
5 0 12 1023 613 40 63 -1 -1 -1 -1 
5 0 13 640 641 42 71 -1 -1 -1 -1 
5 0 14 203 746 67 106 -1 -1 -1 -1 
5 2 15 902 440 52 60 -1 -1 -1 -1 
5 0 16 705 689 44 89 -1 -1 -1 -1 
5 0 17 1240 712 61 96 -1 -1 -1 -1 
5 0 18 1692 762 93 96 -1 -1 -1 -1 
5 2 19 681 438 53 54 -1 -1 -1 -1 
5 0 20 1500 663 63 81 -1 -1 -1 -1 
5 0 21 1334 537 36 53 -1 -1 -1 -1 
5 0 22 670 563 35 53 -1 -1 -1 -1 
5 0 23 1124 555 36 65 -1 -1 -1 -1 
5 0 24 1646 704 65 85 -1 -1 -1 -1 
5 0 25 1057 561 35 64 -1 -1 -1 -1 
5 0 26 744 555 31 51 -1 -1 -1 -1 
5 0 27 812 573 44 58 -1 -1 -1 -1 
5 2 28 1211 475 73 58 -1 -1 -1 -1 
5 2 29 1109 441 51 50 -1 -1 -1 -1 
5 0 30 833 503 27 44 -1 -1 -1 -1 
5 0 31 539 650 46 64 -1 -1 -1 -1 
5 2 32 723 386 39 37 -1 -1 -1 -1 
5 2 33 1047 420 50 48 -1 -1 -1 -1 
5 0 34 1089 531 30 57 -1 -1 -1 -1 
5 0 35 1466 567 48 73 -1 -1 -1 -1 
5 0 36 1287 525 34 50 -1 -1 -1 -1 
5 0 37 791 519 30 54 -1 -1 -1 -1 
5 2 38 1166 384 37 32 -1 -1 -1 -1 
5 0 39 738 499 27 44 -1 -1 -1 -1 
5 2 40 1135 484 59 61 -1 -1 -1 -1 
5 0 41 869 466 26 49 -1 -1 -1 -1 
5 0 42 1015 533 31 53 -1 -1 -1 -1 
5 2 43 1016 470 58 59 -1 -1 -1 -1 
5 0 44 642 509 32 54 -1 -1 -1 -1 
5 0 45 1084 475 23 40 -1 -1 -1 -1 
5 2 46 890 362 35 34 -1 -1 -1 -1 
5 0 47 1428 563 39 55 -1 -1 -1 -1 
5 0 49 1181 453 26 39 -1 -1 -1 -1 
5 0 50 810 474 20 44 -1 -1 -1 -1 
5 0 53 1373 575 46 62 -1 -1 -1 -1 
6 2 1 599 942 220 137 -1 -1 -1 -1 
6 2 2 770 635 133 167 -1 -1 -1 -1 
6 2 3 1299 621 137 102 -1 -1 -1 -1 
6 0 4 291 907 91 132 -1 -1 -1 -1 
6 0 5 467 900 76 123 -1 -1 -1 -1 
6 0 6 1522 838 85 123 -1 -1 -1 -1 
6 0 7 1415 898 94 141 -1 -1 -1 -1 
6 2 8 1162 540 135 164 -1 -1 -1 -1 
6 0 9 515 754 57 87 -1 -1 -1 -1 
6 0 10 1143 732 63 100 -1 -1 -1 -1 
6 0 11 401 766 64 98 -1 -1 -1 -1 
6 0 12 1021 609 42 64 -1 -1 -1 -1 
6 0 13 637 643 44 73 -1 -1 -1 -1 
6 0 14 199 752 70 102 -1 -1 -1 -1 
6 2 15 901 440 54 60 -1 -1 -1 -1 
6 0 16 701 694 46 84 -1 -1 -1 -1 
6 0 17 1235 709 63 92 -1 -1 -1 -1 
6 0 18 1684 758 91 98 -1 -1 -1 -1 
6 2 19 681 439 53 53 -1 -1 -1 -1 
6 0 20 1494 663 67 80 -1 -1 -1 -1 
6 0 21 1329 535 39 54 -1 -1 -1 -1 
6 0 22 668 566 36 53 -1 -1 -1 -1 
6 0 23 1124 549 34 66 -1 -1 -1 -1 
6 0 24 1637 696 68 87 -1 -1 -1 -1 
6 0 25 1056 552 34 69 -1 -1 -1 -1 
6 0 26 742 557 33 51 -1 -1 -1 -1 
6 0 27 812 573 41 59 -1 -1 -1 -1 
6 2 28 1210 473 75 59 -1 -1 -1 -1 
6 2 29 1109 440 48 51 -1 -1 -1 -1 
6 0 30 833 504 27 47 -1 -1 -1 -1 
6 0 31 534 653 50 65 -1 -1 -1 -1 
6 2 32 723 386 38 37 -1 -1 -1 -1 
6 2 33 1049 420 48 47 -1 -1 -1 -1 
6 0 34 1089 531 29 57 -1 -1 -1 -1 
6 0 35 1462 570 46 68 -1 -1 -1 -1 
6 0 36 1285 521 36 51 -1 -1 -1 -1 
6 0 37 791 520 29 53 -1 -1 -1 -1 
6 2 38 1166 384 38 33 -1 -1 -1 -1 
6 0 39 738 501 26 42 -1 -1 -1 -1 
6 2 40 1131 484 61 59 -1 -1 -1 -1 
6 0 41 870 469 25 48 -1 -1 -1 -1 
6 0 42 1013 529 32 53 -1 -1 -1 -1 
6 2 43 1017 463 54 61 -1 -1 -1 -1 
6 0 44 639 510 33 54 -1 -1 -1 -1 
6 0 45 1083 478 25 42 -1 -1 -1 -1 
6 2 46 889 362 33 34 -1 -1 -1 -1 
6 0 47 1428 562 35 56 -1 -1 -1 -1 
7 2 2 768 639 134 170 -1 -1 -1 -1 
7 2 3 1297 621 139 99 -1 -1 -1 -1 
7 0 4 287 919 86 128 -1 -1 -1 -1 
7 0 5 462 908 77 124 -1 -1 -1 -1 
7 0 6 1514 830 81 123 -1 -1 -1 -1 
7 0 7 1408 885 92 143 -1 -1 -1 -1 
7 2 8 1162 539 136 164 -1 -1 -1 -1 
7 0 9 510 758 58 90 -1 -1 -1 -1 
7 0 10 1140 724 63 104 -1 -1 -1 -1 
7 0 11 392 774 70 98 -1 -1 -1 -1 
7 0 12 1021 606 42 63 -1 -1 -1 -1 
7 0 13 634 646 45 75 -1 -1 -1 -1 
7 0 14 195 751 70 106 -1 -1 -1 -1 
7 2 15 901 442 52 59 -1 -1 -1 -1 
7 0 16 697 699 47 84 -1 -1 -1 -1 
7 0 17 1232 700 64 96 -1 -1 -1 -1 
7 0 18 1678 759 91 90 -1 -1 -1 -1 
7 2 19 681 441 53 51 -1 -1 -1 -1 
7 0 20 1492 660 64 80 -1 -1 -1 -1 
7 0 21 1329 533 37 55 -1 -1 -1 -1 
7 0 22 666 569 35 53 -1 -1 -1 -1 
7 0 23 1123 546 36 68 -1 -1 -1 -1 
7 0 24 1630 693 67 88 -1 -1 -1 -1 
7 0 25 1055 550 35 71 -1 -1 -1 -1 
7 0 26 739 560 34 51 -1 -1 -1 -1 
7 0 27 812 576 41 60 -1 -1 -1 -1 
7 2 28 1212 473 69 59 -1 -1 -1 -1 
7 2 29 1105 438 53 52 -1 -1 -1 -1 
7 0 30 832 504 28 48 -1 -1 -1 -1 
7 0 31 529 655 52 69 -1 -1 -1 -1 
7 2 32 722 387 40 35 -1 -1 -1 -1 
7 2 33 1050 420 48 46 -1 -1 -1 -1 
7 0 34 1087 529 30 57 -1 -1 -1 -1 
7 0 35 1460 570 50 69 -1 -1 -1 -1 
7 0 36 1284 520 36 51 -1 -1 -1 -1 
7 0 37 791 522 29 54 -1 -1 -1 -1 
7 2 38 1167 384 38 32 -1 -1 -1 -1 
7 2 40 1130 483 61 58 -1 -1 -1 -1 
7 0 41 869 471 27 48 -1 -1 -1 -1 
7 0 42 1011 527 34 53 -1 -1 -1 -1 
7 2 43 1015 461 57 63 -1 -1 -1 -1 
7 0 44 638 510 33 54 -1 -1 -1 -1 
7 0 45 1082 478 26 44 -1 -1 -1 -1 
7 2 46 888 361 35 36 -1 -1 -1 -1 
7 0 47 1426 560 37 58 -1 -1 -1 -1 
7 0 49 1181 451 23 38 -1 -1 -1 -1 
7 0 53 1369 574 45 61 -1 -1 -1 -1 
8 2 2 766 643 135 171 -1 -1 -1 -1 
8 2 3 1294 619 139 99 -1 -1 -1 -1 
8 0 4 278 923 92 131 -1 -1 -1 -1 
8 0 5 454 918 80 125 -1 -1 -1 -1 
8 0 6 1505 821 87 124 -1 -1 -1 -1 
8 0 7 1402 878 94 142 -1 -1 -1 -1 
8 2 8 1161 539 136 163 -1 -1 -1 -1 
8 0 9 506 761 62 93 -1 -1 -1 -1 
8 0 10 1136 724 65 99 -1 -1 -1 -1 
8 0 11 387 777 72 100 -1 -1 -1 -1 
8 0 12 1020 603 42 64 -1 -1 -1 -1 
8 0 13 631 646 44 77 -1 -1 -1 -1 
8 0 14 189 757 77 103 -1 -1 -1 -1 
8 2 15 900 443 54 61 -1 -1 -1 -1 
8 0 16 693 705 48 83 -1 -1 -1 -1 
8 0 17 1228 695 65 97 -1 -1 -1 -1 
8 0 18 1670 748 89 95 -1 -1 -1 -1 
8 2 19 680 440 54 53 -1 -1 -1 -1 
8 0 20 1486 658 63 79 -1 -1 -1 -1 
8 0 21 1327 531 36 55 -1 -1 -1 -1 
8 0 22 663 569 37 55 -1 -1 -1 -1 
8 0 23 1123 548 34 64 -1 -1 -1 -1 
8 0 24 1621 692 68 84 -1 -1 -1 -1 
8 0 25 1054 551 36 69 -1 -1 -1 -1 
8 0 26 737 560 36 54 -1 -1 -1 -1 
8 0 27 811 577 42 61 -1 -1 -1 -1 
8 2 28 1210 471 71 60 -1 -1 -1 -1 
8 2 29 1105 442 51 48 -1 -1 -1 -1 
8 0 30 831 504 28 49 -1 -1 -1 -1 
8 0 31 526 656 54 72 -1 -1 -1 -1 
8 2 32 721 387 41 35 -1 -1 -1 -1 
8 2 33 1052 419 45 45 -1 -1 -1 -1 
8 0 34 1086 527 30 59 -1 -1 -1 -1 
8 0 35 1462 569 39 65 -1 -1 -1 -1 
8 0 36 1284 518 33 51 -1 -1 -1 -1 
8 0 37 790 521 30 56 -1 -1 -1 -1 
8 2 38 1166 384 36 31 -1 -1 -1 -1 
8 0 39 732 505 29 45 -1 -1 -1 -1 
8 2 40 1131 482 58 57 -1 -1 -1 -1 
8 0 41 869 473 26 47 -1 -1 -1 -1 
8 0 42 1014 526 31 53 -1 -1 -1 -1 
8 2 43 1013 469 56 55 -1 -1 -1 -1 
8 0 44 635 511 33 56 -1 -1 -1 -1 
8 0 45 1081 473 27 42 -1 -1 -1 -1 
8 2 46 888 361 35 35 -1 -1 -1 -1 
8 0 47 1423 560 38 58 -1 -1 -1 -1 
8 0 49 1178 450 24 39 -1 -1 -1 -1 
8 0 53 1362 571 46 61 -1 -1 -1 -1 
9 2 2 763 646 141 173 -1 -1 -1 -1 
9 2 3 1291 616 138 101 -1 -1 -1 -1 
9 0 4 269 928 95 133 -1 -1 -1 -1 
9 0 5 450 926 79 125 -1 -1 -1 -1 
9 0 6 1496 811 87 123 -1 -1 -1 -1 
9 0 7 1400 877 87 130 -1 -1 -1 -1 
9 2 8 1158 538 138 161 -1 -1 -1 -1 
9 0 9 501 765 64 94 -1 -1 -1 -1 
9 0 10 1135 719 62 99 -1 -1 -1 -1 
9 0 11 381 780 73 103 -1 -1 -1 -1 
9 0 12 1019 599 41 64 -1 -1 -1 -1 
9 0 13 625 649 47 77 -1 -1 -1 -1 
9 0 14 189 753 74 107 -1 -1 -1 -1 
9 2 15 899 442 56 63 -1 -1 -1 -1 
9 0 16 689 708 49 84 -1 -1 -1 -1 
9 0 17 1224 695 62 96 -1 -1 -1 -1 
9 0 18 1664 745 89 94 -1 -1 -1 -1 
9 2 19 680 439 55 55 -1 -1 -1 -1 
9 0 20 1480 655 66 76 -1 -1 -1 -1 
9 0 21 1326 527 34 55 -1 -1 -1 -1 
9 0 22 662 570 36 57 -1 -1 -1 -1 
9 0 23 1122 547 34 63 -1 -1 -1 -1 
9 0 24 1618 695 66 80 -1 -1 -1 -1 
9 0 25 1054 550 35 67 -1 -1 -1 -1 
9 0 26 736 555 36 60 -1 -1 -1 -1 
9 0 27 810 580 41 62 -1 -1 -1 -1 
9 2 28 1210 470 72 60 -1 -1 -1 -1 
9 2 29 1109 441 43 47 -1 -1 -1 -1 
9 0 30 832 504 27 50 -1 -1 -1 -1 
9 0 31 523 660 53 66 -1 -1 -1 -1 
9 2 32 721 386 41 36 -1 -1 -1 -1 
9 2 33 1050 420 47 45 -1 -1 -1 -1 
9 0 34 1086 526 30 58 -1 -1 -1 -1 
9 0 35 1460 568 39 65 -1 -1 -1 -1 
9 0 36 1284 517 32 52 -1 -1 -1 -1 
9 0 37 790 522 29 58 -1 -1 -1 -1 
9 2 38 1166 383 35 32 -1 -1 -1 -1 
9 0 39 732 504 28 48 -1 -1 -1 -1 
9 2 40 1130 481 59 62 -1 -1 -1 -1 
9 0 41 869 474 28 47 -1 -1 -1 -1 
9 0 42 1012 525 32 52 -1 -1 -1 -1 
9 2 43 1016 466 55 54 -1 -1 -1 -1 
9 0 44 633 512 34 56 -1 -1 -1 -1 
9 0 45 1081 473 26 41 -1 -1 -1 -1 
9 2 46 889 362 33 34 -1 -1 -1 -1 
9 0 47 1421 559 38 58 -1 -1 -1 -1 
9 0 49 1178 451 25 38 -1 -1 -1 -1 
9 0 50 806 478 23 43 -1 -1 -1 -1 
9 0 53 1363 567 46 61 -1 -1 -1 -1 
9 0 56 714 639 41 62 -1 -1 -1 -1 
10 2 2 761 649 140 173 -1 -1 -1 -1 
10 2 3 1289 610 134 102 -1 -1 -1 -1 
10 0 4 260 934 97 136 -1 -1 -1 -1 
10 0 5 441 933 82 133 -1 -1 -1 -1 
10 0 6 1488 816 83 112 -1 -1 -1 -1 
10 0 7 1391 873 85 127 -1 -1 -1 -1 
10 2 8 1158 539 137 158 -1 -1 -1 -1 
10 0 9 497 769 62 96 -1 -1 -1 -1 
10 0 10 1131 715 64 99 -1 -1 -1 -1 
10 0 11 372 786 77 104 -1 -1 -1 -1 
10 0 12 1019 599 41 63 -1 -1 -1 -1 
10 0 13 624 654 45 77 -1 -1 -1 -1 
10 0 14 184 755 80 108 -1 -1 -1 -1 
10 2 15 900 444 54 62 -1 -1 -1 -1 
10 0 16 686 713 48 86 -1 -1 -1 -1 
10 0 17 1222 695 62 91 -1 -1 -1 -1 
10 0 18 1654 753 91 82 -1 -1 -1 -1 
10 2 19 680 439 53 55 -1 -1 -1 -1 
10 0 20 1478 655 61 74 -1 -1 -1 -1 
10 0 21 1323 526 36 56 -1 -1 -1 -1 
10 0 22 660 571 37 59 -1 -1 -1 -1 
10 0 23 1120 544 34 65 -1 -1 -1 -1 
10 0 24 1612 690 66 81 -1 -1 -1 -1 
10 0 25 1054 551 34 64 -1 -1 -1 -1 
10 0 26 733 561 37 57 -1 -1 -1 -1 
10 0 27 808 582 43 63 -1 -1 -1 -1 
10 2 28 1209 471 71 59 -1 -1 -1 -1 
10 2 29 1108 441 45 47 -1 -1 -1 -1 
10 0 30 829 511 32 50 -1 -1 -1 -1 
10 0 31 523 663 49 67 -1 -1 -1 -1 
10 2 32 720 386 43 37 -1 -1 -1 -1 
10 2 33 1050 418 47 47 -1 -1 -1 -1 
10 0 34 1085 527 28 58 -1 -1 -1 -1 
10 0 35 1453 566 46 66 -1 -1 -1 -1 
10 0 36 1281 515 35 54 -1 -1 -1 -1 
10 0 37 787 529 30 56 -1 -1 -1 -1 
10 2 38 1167 383 36 33 -1 -1 -1 -1 
10 0 39 730 504 27 45 -1 -1 -1 -1 
10 2 40 1129 480 57 62 -1 -1 -1 -1 
10 0 41 869 476 28 46 -1 -1 -1 -1 
10 0 42 1013 524 31 52 -1 -1 -1 -1 
10 2 43 1014 463 56 57 -1 -1 -1 -1 
10 0 44 629 515 34 55 -1 -1 -1 -1 
10 2 46 888 361 35 35 -1 -1 -1 -1 
10 0 49 1179 452 23 37 -1 -1 -1 -1 
10 0 50 801 480 25 43 -1 -1 -1 -1 
10 0 53 1364 565 45 61 -1 -1 -1 -1 
10 0 56 713 643 40 64 -1 -1 -1 -1 
11 2 2 760 652 140 175 -1 -1 -1 -1 
11 2 3 1285 608 140 103 -1 -1 -1 -1 
11 0 4 251 942 102 139 -1 -1 -1 -1 
11 0 5 437 939 82 135 -1 -1 -1 -1 
11 0 6 1483 808 74 109 -1 -1 -1 -1 
11 0 7 1381 866 90 125 -1 -1 -1 -1 
11 2 8 1158 540 135 151 -1 -1 -1 -1 
11 0 9 494 771 63 103 -1 -1 -1 -1 
11 0 10 1130 716 61 93 -1 -1 -1 -1 
11 0 11 366 791 78 105 -1 -1 -1 -1 
11 0 12 1019 597 41 62 -1 -1 -1 -1 
11 0 13 620 656 47 78 -1 -1 -1 -1 
11 0 14 180 754 82 110 -1 -1 -1 -1 
11 2 15 898 445 55 63 -1 -1 -1 -1 
11 0 16 680 720 51 87 -1 -1 -1 -1 
11 0 17 1219 692 63 90 -1 -1 -1 -1 
11 0 18 1650 747 87 80 -1 -1 -1 -1 
11 2 19 678 438 56 57 -1 -1 -1 -1 
11 0 20 1475 649 62 76 -1 -1 -1 -1 
11 0 21 1322 524 37 56 -1 -1 -1 -1 
11 0 22 658 574 38 58 -1 -1 -1 -1 
11 0 23 1117 543 38 65 -1 -1 -1 -1 
11 0 24 1608 688 68 83 -1 -1 -1 -1 
11 0 25 1054 547 32 65 -1 -1 -1 -1 
11 0 26 732 566 36 56 -1 -1 -1 -1 
11 0 27 808 585 43 62 -1 -1 -1 -1 
11 2 28 1206 469 74 61 -1 -1 -1 -1 
11 2 29 1105 439 50 49 -1 -1 -1 -1 
11 0 30 829 513 31 49 -1 -1 -1 -1 
11 0 31 520 665 51 69 -1 -1 -1 -1 
11 2 32 720 387 43 36 -1 -1 -1 -1 
11 2 33 1049 416 49 48 -1 -1 -1 -1 
11 0 34 1083 526 29 58 -1 -1 -1 -1 
11 0 35 1448 564 47 65 -1 -1 -1 -1 
11 0 36 1281 516 35 52 -1 -1 -1 -1 
11 0 37 787 530 28 57 -1 -1 -1 -1 
11 2 38 1167 383 35 32 -1 -1 -1 -1 
11 0 39 730 510 26 45 -1 -1 -1 -1 
11 2 40 1129 477 58 63 -1 -1 -1 -1 
11 0 41 869 479 27 44 -1 -1 -1 -1 
11 0 42 1014 524 29 51 -1 -1 -1 -1 
11 2 43 1012 463 59 57 -1 -1 -1 -1 
11 0 44 627 517 33 56 -1 -1 -1 -1 
11 2 46 889 362 33 34 -1 -1 -1 -1 
11 0 49 1178 451 24 38 -1 -1 -1 -1 
11 0 50 802 478 24 43 -1 -1 -1 -1 
11 0 53 1362 564 44 59 -1 -1 -1 -1 
12 2 2 760 655 135 180 -1 -1 -1 -1 
12 2 3 1287 604 131 103 -1 -1 -1 -1 
12 0 4 243 947 106 137 -1 -1 -1 -1 
12 0 5 427 952 88 129 -1 -1 -1 -1 
12 0 6 1472 792 80 119 -1 -1 -1 -1 
12 0 7 1373 856 89 125 -1 -1 -1 -1 
12 2 8 1159 540 132 148 -1 -1 -1 -1 
12 0 9 488 777 69 103 -1 -1 -1 -1 
12 0 10 1127 714 61 90 -1 -1 -1 -1 
12 0 11 364 801 72 101 -1 -1 -1 -1 
12 0 12 1020 595 37 61 -1 -1 -1 -1 
12 0 13 619 661 46 78 -1 -1 -1 -1 
12 0 14 179 760 80 106 -1 -1 -1 -1 
12 2 15 896 446 58 64 -1 -1 -1 -1 
12 0 16 675 727 51 88 -1 -1 -1 -1 
12 0 17 1216 689 60 88 -1 -1 -1 -1 
12 0 18 1639 729 88 92 -1 -1 -1 -1 
12 2 19 678 440 55 55 -1 -1 -1 -1 
12 0 20 1472 646 62 76 -1 -1 -1 -1 
12 0 21 1320 523 38 55 -1 -1 -1 -1 
12 0 22 657 577 38 57 -1 -1 -1 -1 
12 0 23 1116 544 37 64 -1 -1 -1 -1 
12 0 24 1602 685 69 83 -1 -1 -1 -1 
12 0 25 1053 546 34 66 -1 -1 -1 -1 
12 0 26 732 567 33 56 -1 -1 -1 -1 
12 0 27 806 588 44 62 -1 -1 -1 -1 
12 2 28 1206 469 72 61 -1 -1 -1 -1 
12 2 29 1105 437 48 50 -1 -1 -1 -1 
12 0 30 828 513 29 49 -1 -1 -1 -1 
12 0 31 516 670 54 69 -1 -1 -1 -1 
12 2 32 721 387 41 35 -1 -1 -1 -1 
12 2 33 1050 417 46 47 -1 -1 -1 -1 
12 0 34 1084 522 32 57 -1 -1 -1 -1 
12 0 35 1451 565 43 64 -1 -1 -1 -1 
12 0 36 1282 513 33 52 -1 -1 -1 -1 
12 0 37 785 528 30 59 -1 -1 -1 -1 
12 2 38 1165 382 37 33 -1 -1 -1 -1 
12 0 39 728 508 27 46 -1 -1 -1 -1 
12 2 40 1127 479 60 60 -1 -1 -1 -1 
12 0 41 870 480 26 44 -1 -1 -1 -1 
12 0 42 1012 522 32 51 -1 -1 -1 -1 
12 2 43 1013 461 55 56 -1 -1 -1 -1 
12 0 44 624 516 35 58 -1 -1 -1 -1 
12 2 46 888 361 34 36 -1 -1 -1 -1 
12 0 50 801 475 23 44 -1 -1 -1 -1 
12 0 56 711 651 39 65 -1 -1 -1 -1 
13 2 2 758 659 136 184 -1 -1 -1 -1 
13 2 3 1284 603 131 102 -1 -1 -1 -1 
13 0 4 239 952 104 130 -1 -1 -1 -1 
13 0 5 421 962 87 122 -1 -1 -1 -1 
13 0 6 1465 788 83 118 -1 -1 -1 -1 
13 0 7 1370 853 86 124 -1 -1 -1 -1 
13 2 8 1159 540 132 147 -1 -1 -1 -1 
13 0 9 486 783 63 105 -1 -1 -1 -1 
13 0 10 1128 715 58 84 -1 -1 -1 -1 
13 0 11 358 807 74 102 -1 -1 -1 -1 
13 0 12 1019 593 37 61 -1 -1 -1 -1 
13 0 13 616 665 48 79 -1 -1 -1 -1 
13 0 14 178 763 80 105 -1 -1 -1 -1 
13 2 15 896 447 57 63 -1 -1 -1 -1 
13 0 16 673 729 49 92 -1 -1 -1 -1 
13 0 17 1215 690 57 84 -1 -1 -1 -1 
13 0 18 1628 727 92 90 -1 -1 -1 -1 
13 2 19 678 442 55 54 -1 -1 -1 -1 
13 0 20 1464 644 66 73 -1 -1 -1 -1 
13 0 21 1319 521 37 54 -1 -1 -1 -1 
13 0 22 653 579 41 58 -1 -1 -1 -1 
13 0 23 1116 543 35 62 -1 -1 -1 -1 
13 0 25 1053 546 35 63 -1 -1 -1 -1 
13 0 26 729 568 37 57 -1 -1 -1 -1 
13 0 27 806 592 41 63 -1 -1 -1 -1 
13 2 28 1209 469 66 60 -1 -1 -1 -1 
13 2 29 1102 436 52 52 -1 -1 -1 -1 
13 0 30 828 515 29 50 -1 -1 -1 -1 
13 0 31 514 673 52 70 -1 -1 -1 -1 
13 2 32 722 387 39 35 -1 -1 -1 -1 
13 2 33 1049 416 47 49 -1 -1 -1 -1 
13 0 34 1084 522 30 54 -1 -1 -1 -1 
13 0 35 1448 563 44 65 -1 -1 -1 -1 
13 0 36 1281 512 30 51 -1 -1 -1 -1 
13 0 37 786 534 28 55 -1 -1 -1 -1 
13 2 38 1166 383 35 32 -1 -1 -1 -1 
13 0 39 728 511 25 48 -1 -1 -1 -1 
13 2 40 1126 476 59 66 -1 -1 -1 -1 
13 0 41 869 485 26 45 -1 -1 -1 -1 
13 0 42 1012 521 31 51 -1 -1 -1 -1 
13 2 43 1014 460 55 57 -1 -1 -1 -1 
13 0 44 622 517 38 60 -1 -1 -1 -1 
13 2 46 888 362 34 35 -1 -1 -1 -1 
13 0 50 801 479 24 44 -1 -1 -1 -1 
13 0 56 709 656 38 64 -1 -1 -1 -1 
13 0 60 996 442 20 35 -1 -1 -1 -1 
14 2 2 754 665 140 183 -1 -1 -1 -1 
14 2 3 1280 599 132 103 -1 -1 -1 -1 
14 0 4 234 966 99 118 -1 -1 -1 -1 
14 0 5 414 971 85 115 -1 -1 -1 -1 
14 0 6 1460 789 79 110 -1 -1 -1 -1 
14 0 7 1363 849 88 119 -1 -1 -1 -1 
14 2 8 1159 540 129 145 -1 -1 -1 -1 
14 0 9 481 791 67 104 -1 -1 -1 -1 
14 0 10 1125 712 54 81 -1 -1 -1 -1 
14 0 11 352 813 74 104 -1 -1 -1 -1 
14 0 12 1018 589 36 61 -1 -1 -1 -1 
14 0 13 612 666 48 81 -1 -1 -1 -1 
14 0 14 177 762 77 107 -1 -1 -1 -1 
14 2 15 895 447 58 64 -1 -1 -1 -1 
14 0 16 668 734 52 95 -1 -1 -1 -1 
14 0 17 1212 688 58 82 -1 -1 -1 -1 
14 0 18 1624 727 88 87 -1 -1 -1 -1 
14 2 19 678 442 55 54 -1 -1 -1 -1 
14 0 20 1462 645 62 69 -1 -1 -1 -1 
14 0 21 1318 521 34 52 -1 -1 -1 -1 
14 0 22 653 582 39 57 -1 -1 -1 -1 
14 0 23 1115 541 36 62 -1 -1 -1 -1 
14 0 24 1585 672 64 80 -1 -1 -1 -1 
14 0 25 1052 543 32 63 -1 -1 -1 -1 
14 0 26 729 570 35 57 -1 -1 -1 -1 
14 0 27 805 594 41 64 -1 -1 -1 -1 
14 2 28 1209 468 62 59 -1 -1 -1 -1 
14 2 29 1103 434 54 52 -1 -1 -1 -1 
14 0 30 826 515 31 52 -1 -1 -1 -1 
14 0 31 511 677 52 71 -1 -1 -1 -1 
14 2 32 721 386 40 36 -1 -1 -1 -1 
14 2 33 1051 416 45 48 -1 -1 -1 -1 
14 0 34 1085 524 27 53 -1 -1 -1 -1 
14 0 36 1278 513 32 50 -1 -1 -1 -1 
14 0 37 786 537 26 54 -1 -1 -1 -1 
14 2 38 1165 382 36 32 -1 -1 -1 -1 
14 0 39 725 511 28 49 -1 -1 -1 -1 
14 2 40 1127 474 58 67 -1 -1 -1 -1 
14 0 41 871 483 27 47 -1 -1 -1 -1 
14 0 42 1011 519 29 50 -1 -1 -1 -1 
14 2 43 1012 459 56 59 -1 -1 -1 -1 
14 0 44 620 521 38 58 -1 -1 -1 -1 
14 2 46 889 362 33 35 -1 -1 -1 -1 
14 0 50 802 480 23 44 -1 -1 -1 -1 
14 0 53 1342 562 49 49 -1 -1 -1 -1 
14 0 56 706 659 40 69 -1 -1 -1 -1 
14 0 60 996 440 19 35 -1 -1 -1 -1 
14 2 61 1608 996 311 91 -1 -1 -1 -1 
15 2 2 754 669 138 186 -1 -1 -1 -1 
15 2 3 1276 599 133 99 -1 -1 -1 -1 
15 0 4 225 972 103 114 -1 -1 -1 -1 
15 0 5 405 977 91 110 -1 -1 -1 -1 
15 0 6 1457 786 73 105 -1 -1 -1 -1 
15 0 7 1362 844 81 116 -1 -1 -1 -1 
15 2 8 1158 539 127 142 -1 -1 -1 -1 
15 0 9 474 794 69 104 -1 -1 -1 -1 
15 0 10 1124 701 55 86 -1 -1 -1 -1 
15 0 11 343 816 78 108 -1 -1 -1 -1 
15 0 12 1018 588 35 59 -1 -1 -1 -1 
15 0 13 608 671 50 82 -1 -1 -1 -1 
15 0 14 175 760 77 111 -1 -1 -1 -1 
15 2 15 896 448 57 65 -1 -1 -1 -1 
15 0 16 664 742 53 93 -1 -1 -1 -1 
15 0 17 1208 685 57 84 -1 -1 -1 -1 
15 0 18 1624 728 81 83 -1 -1 -1 -1 
15 2 19 678 443 54 53 -1 -1 -1 -1 
15 0 20 1460 643 58 69 -1 -1 -1 -1 
15 0 21 1315 517 34 50 -1 -1 -1 -1 
15 0 22 650 582 39 59 -1 -1 -1 -1 
15 0 23 1114 540 38 63 -1 -1 -1 -1 
15 0 24 1581 672 63 78 -1 -1 -1 -1 
15 0 25 1051 537 33 66 -1 -1 -1 -1 
15 0 26 726 573 35 56 -1 -1 -1 -1 
15 0 27 805 596 39 63 -1 -1 -1 -1 
15 2 28 1205 468 65 58 -1 -1 -1 -1 
15 2 29 1103 434 55 51 -1 -1 -1 -1 
15 0 30 827 516 30 52 -1 -1 -1 -1 
15 0 31 506 674 53 78 -1 -1 -1 -1 
15 2 32 720 386 42 37 -1 -1 -1 -1 
15 2 33 1049 415 48 49 -1 -1 -1 -1 
15 0 34 1084 525 26 55 -1 -1 -1 -1 
15 0 36 1278 513 33 47 -1 -1 -1 -1 
15 0 37 784 540 29 54 -1 -1 -1 -1 
15 2 38 1164 381 39 34 -1 -1 -1 -1 
15 0 39 725 512 27 49 -1 -1 -1 -1 
15 2 40 1126 473 58 64 -1 -1 -1 -1 
15 0 41 871 483 28 49 -1 -1 -1 -1 
15 0 42 1010 518 29 49 -1 -1 -1 -1 
15 2 43 1010 458 58 61 -1 -1 -1 -1 
15 0 44 618 522 39 58 -1 -1 -1 -1 
15 2 46 889 363 31 33 -1 -1 -1 -1 
15 0 50 801 482 23 43 -1 -1 -1 -1 
15 0 53 1344 558 47 52 -1 -1 -1 -1 
15 0 56 701 662 44 72 -1 -1 -1 -1 
15 0 60 994 439 20 35 -1 -1 -1 -1 
15 2 61 1597 987 322 100 -1 -1 -1 -1 
15 2 62 1137 981 279 106 -1 -1 -1 -1 
16 2 2 751 674 142 189 -1 -1 -1 -1 
16 2 3 1279 597 127 97 -1 -1 -1 -1 
16 0 4 218 979 97 108 -1 -1 -1 -1 
16 0 5 398 987 91 100 -1 -1 -1 -1 
16 0 6 1449 777 71 104 -1 -1 -1 -1 
16 0 7 1356 839 78 113 -1 -1 -1 -1 
16 2 8 1157 541 122 141 -1 -1 -1 -1 
16 0 9 471 800 68 106 -1 -1 -1 -1 
16 0 10 1120 698 58 84 -1 -1 -1 -1 
16 0 11 336 821 78 111 -1 -1 -1 -1 
16 0 12 1017 587 37 59 -1 -1 -1 -1 
16 0 13 607 674 46 83 -1 -1 -1 -1 
16 0 14 169 760 82 112 -1 -1 -1 -1 
16 2 15 893 447 61 67 -1 -1 -1 -1 
16 0 16 658 750 55 93 -1 -1 -1 -1 
16 0 17 1205 682 57 83 -1 -1 -1 -1 
16 0 18 1618 722 79 84 -1 -1 -1 -1 
16 2 19 677 443 54 52 -1 -1 -1 -1 
16 0 20 1456 639 59 69 -1 -1 -1 -1 
16 0 21 1313 520 34 48 -1 -1 -1 -1 
16 0 22 646 583 41 61 -1 -1 -1 -1 
16 0 23 1113 539 38 61 -1 -1 -1 -1 
16 0 24 1577 672 63 77 -1 -1 -1 -1 
16 0 25 1049 537 34 65 -1 -1 -1 -1 
16 0 26 724 573 36 60 -1 -1 -1 -1 
16 0 27 804 600 39 64 -1 -1 -1 -1 
16 2 28 1206 467 62 56 -1 -1 -1 -1 
16 2 29 1103 433 53 52 -1 -1 -1 -1 
16 0 30 827 519 30 49 -1 -1 -1 -1 
16 0 31 504 677 53 80 -1 -1 -1 -1 
16 2 32 720 386 41 37 -1 -1 -1 -1 
16 2 33 1049 416 49 46 -1 -1 -1 -1 
16 0 34 1081 523 28 55 -1 -1 -1 -1 
16 0 36 1279 511 31 46 -1 -1 -1 -1 
16 0 37 784 540 27 54 -1 -1 -1 -1 
16 2 38 1164 381 39 34 -1 -1 -1 -1 
16 0 39 724 515 28 51 -1 -1 -1 -1 
16 2 40 1126 473 57 64 -1 -1 -1 -1 
16 0 41 871 485 29 50 -1 -1 -1 -1 
16 0 42 1010 516 28 52 -1 -1 -1 -1 
16 2 43 1012 459 57 58 -1 -1 -1 -1 
16 0 44 619 523 33 57 -1 -1 -1 -1 
16 2 46 888 363 33 34 -1 -1 -1 -1 
16 0 47 1412 550 37 60 -1 -1 -1 -1 
16 0 50 799 481 25 44 -1 -1 -1 -1 
16 0 53 1344 555 49 51 -1 -1 -1 -1 
16 0 56 698 666 43 73 -1 -1 -1 -1 
16 0 60 992 438 23 36 -1 -1 -1 -1 
16 2 61 1585 979 334 108 -1 -1 -1 -1 
16 2 62 1134 970 270 117 -1 -1 -1 -1 
16 0 63 761 516 26 51 -1 -1 -1 -1 
17 2 2 748 679 143 187 -1 -1 -1 -1 
17 2 3 1278 595 126 98 -1 -1 -1 -1 
17 0 4 207 984 105 103 -1 -1 -1 -1 
17 0 5 387 991 101 96 -1 -1 -1 -1 
17 0 6 1440 788 73 91 -1 -1 -1 -1 
17 0 7 1350 831 80 114 -1 -1 -1 -1 
17 2 8 1156 538 123 140 -1 -1 -1 -1 
17 0 9 466 806 68 106 -1 -1 -1 -1 
17 0 10 1120 697 54 81 -1 -1 -1 -1 
17 0 11 328 828 82 112 -1 -1 -1 -1 
17 0 12 1016 585 39 60 -1 -1 -1 -1 
17 0 13 603 678 48 85 -1 -1 -1 -1 
17 0 14 169 764 78 114 -1 -1 -1 -1 
17 2 15 894 449 60 66 -1 -1 -1 -1 
17 0 16 654 759 53 93 -1 -1 -1 -1 
17 0 17 1202 681 58 81 -1 -1 -1 -1 
17 0 18 1608 721 86 80 -1 -1 -1 -1 
17 2 19 676 443 55 53 -1 -1 -1 -1 
17 0 20 1453 640 57 66 -1 -1 -1 -1 
17 0 21 1312 520 31 46 -1 -1 -1 -1 
17 0 22 644 587 44 61 -1 -1 -1 -1 
17 0 23 1113 539 37 60 -1 -1 -1 -1 
17 0 24 1571 671 61 74 -1 -1 -1 -1 
17 0 25 1048 537 34 63 -1 -1 -1 -1 
17 0 26 722 576 37 60 -1 -1 -1 -1 
17 0 27 801 603 43 66 -1 -1 -1 -1 
17 2 28 1206 467 60 54 -1 -1 -1 -1 
17 2 29 1103 432 52 50 -1 -1 -1 -1 
17 0 30 825 521 30 49 -1 -1 -1 -1 
17 0 31 499 681 56 78 -1 -1 -1 -1 
17 2 32 721 387 40 35 -1 -1 -1 -1 
17 2 33 1050 416 46 45 -1 -1 -1 -1 
17 0 34 1082 524 25 54 -1 -1 -1 -1 
17 0 36 1278 512 32 46 -1 -1 -1 -1 
17 0 37 782 542 29 54 -1 -1 -1 -1 
17 2 38 1165 381 38 34 -1 -1 -1 -1 
17 0 39 722 512 30 51 -1 -1 -1 -1 
17 2 40 1125 475 60 60 -1 -1 -1 -1 
17 0 41 873 488 27 49 -1 -1 -1 -1 
17 0 42 1010 516 30 49 -1 -1 -1 -1 
17 2 43 1012 457 55 58 -1 -1 -1 -1 
17 0 44 614 526 32 59 -1 -1 -1 -1 
17 2 46 889 364 32 32 -1 -1 -1 -1 
17 0 47 1411 548 38 60 -1 -1 -1 -1 
17 0 50 798 481 25 44 -1 -1 -1 -1 
17 0 53 1332 554 54 50 -1 -1 -1 -1 
17 0 56 695 671 44 71 -1 -1 -1 -1 
17 0 60 994 438 20 34 -1 -1 -1 -1 
17 2 61 1577 972 342 115 -1 -1 -1 -1 
17 2 62 1131 957 266 130 -1 -1 -1 -1 
17 0 63 760 521 27 49 -1 -1 -1 -1 
18 2 2 746 686 143 187 -1 -1 -1 -1 
18 2 3 1277 594 123 96 -1 -1 -1 -1 
18 0 4 199 988 110 99 -1 -1 -1 -1 
18 0 5 382 1008 96 79 -1 -1 -1 -1 
18 0 6 1437 781 68 90 -1 -1 -1 -1 
18 0 7 1344 830 80 105 -1 -1 -1 -1 
18 2 8 1154 537 129 138 -1 -1 -1 -1 
18 0 9 462 811 72 106 -1 -1 -1 -1 
18 0 10 1116 693 55 81 -1 -1 -1 -1 
18 0 11 323 835 80 112 -1 -1 -1 -1 
18 0 12 1017 584 38 59 -1 -1 -1 -1 
18 0 13 599 681 49 85 -1 -1 -1 -1 
18 0 14 166 766 80 108 -1 -1 -1 -1 
18 2 15 893 451 61 65 -1 -1 -1 -1 
18 0 16 647 767 58 93 -1 -1 -1 -1 
18 0 17 1201 677 57 78 -1 -1 -1 -1 
18 0 18 1601 716 83 81 -1 -1 -1 -1 
18 2 19 675 444 56 54 -1 -1 -1 -1 
18 0 20 1450 641 55 63 -1 -1 -1 -1 
18 0 21 1311 517 30 47 -1 -1 -1 -1 
18 0 22 643 590 40 60 -1 -1 -1 -1 
18 0 23 1115 539 34 58 -1 -1 -1 -1 
18 0 24 1568 672 61 70 -1 -1 -1 -1 
18 0 25 1047 537 34 61 -1 -1 -1 -1 
18 0 26 721 577 37 61 -1 -1 -1 -1 
18 0 27 801 606 42 65 -1 -1 -1 -1 
18 2 28 1203 468 61 54 -1 -1 -1 -1 
18 2 29 1103 432 50 48 -1 -1 -1 -1 
18 0 30 824 521 29 51 -1 -1 -1 -1 
18 0 31 493 684 58 78 -1 -1 -1 -1 
18 2 32 721 387 40 35 -1 -1 -1 -1 
18 2 33 1052 417 42 44 -1 -1 -1 -1 
18 0 34 1082 524 25 54 -1 -1 -1 -1 
18 0 36 1275 508 32 50 -1 -1 -1 -1 
18 0 37 782 546 29 54 -1 -1 -1 -1 
18 2 38 1166 382 38 33 -1 -1 -1 -1 
18 0 39 720 517 32 51 -1 -1 -1 -1 
18 2 40 1124 472 56 62 -1 -1 -1 -1 
18 0 41 873 489 27 50 -1 -1 -1 -1 
18 0 42 1011 516 28 50 -1 -1 -1 -1 
18 2 43 1012 457 54 59 -1 -1 -1 -1 
18 0 44 612 528 33 58 -1 -1 -1 -1 
18 2 46 889 362 32 34 -1 -1 -1 -1 
18 0 47 1410 547 37 60 -1 -1 -1 -1 
18 0 50 796 487 27 43 -1 -1 -1 -1 
18 0 53 1328 552 55 50 -1 -1 -1 -1 
18 0 56 694 674 42 73 -1 -1 -1 -1 
18 0 60 993 436 19 35 -1 -1 -1 -1 
18 2 61 1566 968 353 119 -1 -1 -1 -1 
18 2 62 1122 946 269 138 -1 -1 -1 -1 
18 0 63 760 517 24 52 -1 -1 -1 -1 
19 2 2 745 688 143 193 -1 -1 -1 -1 
19 2 3 1272 596 126 94 -1 -1 -1 -1 
19 0 4 194 999 100 88 -1 -1 -1 -1 
19 0 5 373 1016 99 71 -1 -1 -1 -1 
19 0 6 1431 772 67 93 -1 -1 -1 -1 
19 0 7 1338 827 74 103 -1 -1 -1 -1 
19 2 8 1157 534 121 143 -1 -1 -1 -1 
19 0 9 458 816 68 108 -1 -1 -1 -1 
19 0 10 1115 692 55 78 -1 -1 -1 -1 
19 0 11 315 844 81 112 -1 -1 -1 -1 
19 0 12 1017 580 36 59 -1 -1 -1 -1 
19 0 13 593 684 52 85 -1 -1 -1 -1 
19 0 14 164 767 79 116 -1 -1 -1 -1 
19 2 15 891 451 63 65 -1 -1 -1 -1 
19 0 16 643 774 57 94 -1 -1 -1 -1 
19 0 17 1198 674 57 77 -1 -1 -1 -1 
19 0 18 1592 711 86 82 -1 -1 -1 -1 
19 2 19 674 444 57 55 -1 -1 -1 -1 
19 0 20 1445 640 55 60 -1 -1 -1 -1 
19 0 21 1311 513 30 47 -1 -1 -1 -1 
19 0 22 640 591 42 63 -1 -1 -1 -1 
19 0 23 1114 537 35 58 -1 -1 -1 -1 
19 0 24 1563 670 59 68 -1 -1 -1 -1 
19 0 25 1046 536 34 60 -1 -1 -1 -1 
19 0 26 719 577 38 64 -1 -1 -1 -1 
19 0 27 796 609 47 66 -1 -1 -1 -1 
19 2 28 1200 465 64 54 -1 -1 -1 -1 
19 2 29 1104 433 47 47 -1 -1 -1 -1 
19 0 30 822 521 31 53 -1 -1 -1 -1 
19 0 31 492 689 57 78 -1 -1 -1 -1 
19 2 32 721 387 39 35 -1 -1 -1 -1 
19 2 33 1051 416 41 43 -1 -1 -1 -1 
19 0 34 1079 517 27 52 -1 -1 -1 -1 
19 0 36 1276 505 30 50 -1 -1 -1 -1 
19 0 37 781 545 31 56 -1 -1 -1 -1 
19 2 38 1164 382 38 33 -1 -1 -1 -1 
19 0 39 718 517 33 51 -1 -1 -1 -1 
19 2 40 1126 473 54 63 -1 -1 -1 -1 
19 0 41 873 490 27 51 -1 -1 -1 -1 
19 0 42 1011 515 30 49 -1 -1 -1 -1 
19 2 43 1011 456 55 60 -1 -1 -1 -1 
19 0 44 611 527 32 60 -1 -1 -1 -1 
19 2 46 889 362 32 34 -1 -1 -1 -1 
19 0 50 796 486 26 44 -1 -1 -1 -1 
19 0 53 1319 548 48 49 -1 -1 -1 -1 
19 0 56 691 678 44 76 -1 -1 -1 -1 
19 0 60 992 434 20 37 -1 -1 -1 -1 
19 2 61 1564 957 347 129 -1 -1 -1 -1 
19 2 62 1124 936 262 150 -1 -1 -1 -1 
19 0 63 759 521 25 52 -1 -1 -1 -1 
20 2 2 743 690 145 198 -1 -1 -1 -1 
20 2 3 1271 594 127 92 -1 -1 -1 -1 
20 0 4 190 1003 96 84 -1 -1 -1 -1 
20 0 5 370 1026 92 61 -1 -1 -1 -1 
20 0 6 1424 762 69 95 -1 -1 -1 -1 
20 0 7 1335 819 77 102 -1 -1 -1 -1 
20 2 8 1153 533 126 141 -1 -1 -1 -1 
20 0 9 453 822 69 112 -1 -1 -1 -1 
20 0 10 1113 685 55 80 -1 -1 -1 -1 
20 0 11 309 852 80 110 -1 -1 -1 -1 
20 0 12 1016 578 38 59 -1 -1 -1 -1 
20 0 13 592 690 52 82 -1 -1 -1 -1 
20 0 14 161 770 82 111 -1 -1 -1 -1 
20 2 15 893 452 62 65 -1 -1 -1 -1 
20 0 16 640 779 54 97 -1 -1 -1 -1 
20 0 17 1196 664 55 81 -1 -1 -1 -1 
20 0 18 1588 704 81 84 -1 -1 -1 -1 
20 2 19 673 445 58 54 -1 -1 -1 -1 
20 0 20 1443 635 57 62 -1 -1 -1 -1 
20 0 21 1310 512 31 48 -1 -1 -1 -1 
20 0 22 639 593 42 64 -1 -1 -1 -1 
20 0 23 1115 535 34 58 -1 -1 -1 -1 
20 0 25 1047 537 32 57 -1 -1 -1 -1 
20 0 26 718 577 37 66 -1 -1 -1 -1 
20 0 27 797 612 44 66 -1 -1 -1 -1 
20 2 28 1202 465 60 54 -1 -1 -1 -1 
20 2 29 1103 432 45 48 -1 -1 -1 -1 
20 0 30 820 523 33 54 -1 -1 -1 -1 
20 0 31 491 691 54 79 -1 -1 -1 -1 
20 2 32 721 386 39 36 -1 -1 -1 -1 
20 2 33 1051 416 42 44 -1 -1 -1 -1 
20 0 34 1076 517 26 48 -1 -1 -1 -1 
20 0 36 1275 503 30 51 -1 -1 -1 -1 
20 0 37 780 545 33 57 -1 -1 -1 -1 
20 2 38 1165 383 36 31 -1 -1 -1 -1 
20 0 39 719 517 32 51 -1 -1 -1 -1 
20 2 40 1125 471 55 64 -1 -1 -1 -1 
20 0 41 871 496 31 49 -1 -1 -1 -1 
20 0 42 1011 512 28 49 -1 -1 -1 -1 
20 2 43 1008 456 59 61 -1 -1 -1 -1 
20 0 44 606 529 34 60 -1 -1 -1 -1 
20 2 46 888 361 34 36 -1 -1 -1 -1 
20 0 47 1411 551 46 60 -1 -1 -1 -1 
20 0 50 794 485 24 45 -1 -1 -1 -1 
20 0 53 1340 545 41 51 -1 -1 -1 -1 
20 0 56 690 682 43 76 -1 -1 -1 -1 
20 0 60 991 432 22 39 -1 -1 -1 -1 
20 2 61 1556 942 349 145 -1 -1 -1 -1 
20 2 62 1120 927 262 160 -1 -1 -1 -1 
20 0 63 759 521 27 52 -1 -1 -1 -1 
20 0 68 647 546 34 47 -1 -1 -1 -1 
21 2 2 737 690 149 201 -1 -1 -1 -1 
21 2 3 1275 588 117 94 -1 -1 -1 -1 
21 0 4 179 1009 105 78 -1 -1 -1 -1 
21 0 6 1417 756 67 97 -1 -1 -1 -1 
21 0 7 1329 815 76 99 -1 -1 -1 -1 
21 2 8 1154 532 125 134 -1 -1 -1 -1 
21 0 9 447 830 73 114 -1 -1 -1 -1 
21 0 10 1110 681 54 79 -1 -1 -1 -1 
21 0 11 302 859 83 110 -1 -1 -1 -1 
21 0 12 1017 574 36 60 -1 -1 -1 -1 
21 0 13 589 695 52 81 -1 -1 -1 -1 
21 0 14 159 771 82 112 -1 -1 -1 -1 
21 2 15 893 453 61 65 -1 -1 -1 -1 
21 0 16 633 788 57 97 -1 -1 -1 -1 
21 0 17 1190 660 59 82 -1 -1 -1 -1 
21 0 18 1579 701 81 83 -1 -1 -1 -1 
21 2 19 674 446 57 53 -1 -1 -1 -1 
21 0 20 1439 630 59 62 -1 -1 -1 -1 
21 0 21 1309 506 31 46 -1 -1 -1 -1 
21 0 22 639 594 38 66 -1 -1 -1 -1 
21 0 23 1112 532 33 60 -1 -1 -1 -1 
21 0 25 1048 537 29 55 -1 -1 -1 -1 
21 0 26 717 580 37 67 -1 -1 -1 -1 
21 0 27 795 616 44 65 -1 -1 -1 -1 
21 2 28 1201 466 60 52 -1 -1 -1 -1 
21 2 29 1101 432 48 49 -1 -1 -1 -1 
21 0 30 819 526 33 53 -1 -1 -1 -1 
21 0 31 487 695 55 80 -1 -1 -1 -1 
21 2 32 720 386 42 37 -1 -1 -1 -1 
21 2 33 1052 416 42 43 -1 -1 -1 -1 
21 0 34 1076 518 25 47 -1 -1 -1 -1 
21 0 36 1274 503 31 50 -1 -1 -1 -1 
21 0 37 779 552 30 56 -1 -1 -1 -1 
21 2 38 1165 382 37 32 -1 -1 -1 -1 
21 0 39 719 518 30 52 -1 -1 -1 -1 
21 2 40 1124 465 55 63 -1 -1 -1 -1 
21 0 41 872 497 30 48 -1 -1 -1 -1 
21 0 42 1012 512 27 49 -1 -1 -1 -1 
21 2 43 1008 457 58 61 -1 -1 -1 -1 
21 0 44 602 533 36 59 -1 -1 -1 -1 
21 2 46 889 361 33 35 -1 -1 -1 -1 
21 0 47 1409 551 44 58 -1 -1 -1 -1 
21 0 50 793 487 25 47 -1 -1 -1 -1 
21 0 53 1313 547 44 47 -1 -1 -1 -1 
21 0 56 688 687 40 77 -1 -1 -1 -1 
21 0 60 990 432 22 39 -1 -1 -1 -1 
21 2 61 1541 929 358 157 -1 -1 -1 -1 
21 2 62 1119 918 261 168 -1 -1 -1 -1 
21 0 63 754 527 29 51 -1 -1 -1 -1 
21 0 68 647 549 32 45 -1 -1 -1 -1 
21 0 70 1076 475 24 46 -1 -1 -1 -1 
22 2 2 735 694 151 204 -1 -1 -1 -1 
22 2 3 1273 583 117 94 -1 -1 -1 -1 
22 0 4 179 1008 98 79 -1 -1 -1 -1 
22 0 6 1413 750 66 97 -1 -1 -1 -1 
22 0 7 1327 808 71 98 -1 -1 -1 -1 
22 2 8 1154 529 123 134 -1 -1 -1 -1 
22 0 9 441 834 74 118 -1 -1 -1 -1 
22 0 10 1110 679 52 79 -1 -1 -1 -1 
22 0 11 293 862 86 116 -1 -1 -1 -1 
22 0 12 1016 572 37 60 -1 -1 -1 -1 
22 0 13 586 700 46 82 -1 -1 -1 -1 
22 0 14 159 768 80 118 -1 -1 -1 -1 
22 2 15 893 453 61 66 -1 -1 -1 -1 
22 0 16 628 798 60 99 -1 -1 -1 -1 
22 0 17 1190 657 56 80 -1 -1 -1 -1 
22 0 18 1568 700 88 77 -1 -1 -1 -1 
22 2 19 673 446 58 53 -1 -1 -1 -1 
22 0 20 1434 628 54 62 -1 -1 -1 -1 
22 0 21 1306 502 34 47 -1 -1 -1 -1 
22 0 22 635 597 42 66 -1 -1 -1 -1 
22 0 23 1111 532 34 58 -1 -1 -1 -1 
22 0 25 1047 535 30 56 -1 -1 -1 -1 
22 0 26 716 585 35 63 -1 -1 -1 -1 
22 0 27 794 620 44 64 -1 -1 -1 -1 
22 2 28 1200 466 60 50 -1 -1 -1 -1 
22 2 29 1101 431 47 49 -1 -1 -1 -1 
22 0 30 817 527 36 55 -1 -1 -1 -1 
22 0 31 482 700 60 79 -1 -1 -1 -1 
22 2 32 720 386 42 37 -1 -1 -1 -1 
22 2 33 1052 414 42 42 -1 -1 -1 -1 
22 0 34 1075 514 25 49 -1 -1 -1 -1 
22 0 36 1274 502 28 50 -1 -1 -1 -1 
22 0 37 778 554 31 57 -1 -1 -1 -1 
22 2 38 1165 382 37 32 -1 -1 -1 -1 
22 0 39 715 522 30 50 -1 -1 -1 -1 
22 2 40 1120 470 59 63 -1 -1 -1 -1 
22 0 41 872 498 30 49 -1 -1 -1 -1 
22 0 42 1010 508 28 51 -1 -1 -1 -1 
22 2 43 1010 454 58 59 -1 -1 -1 -1 
22 0 44 600 537 36 59 -1 -1 -1 -1 
22 2 46 890 361 32 34 -1 -1 -1 -1 
22 0 47 1410 549 42 61 -1 -1 -1 -1 
22 0 50 795 492 24 46 -1 -1 -1 -1 
22 0 53 1308 546 42 43 -1 -1 -1 -1 
22 0 56 682 690 45 80 -1 -1 -1 -1 
22 0 60 989 433 23 38 -1 -1 -1 -1 
22 2 61 1535 923 356 164 -1 -1 -1 -1 
22 2 62 1114 910 260 177 -1 -1 -1 -1 
22 0 63 751 528 29 52 -1 -1 -1 -1 
22 0 68 647 552 30 44 -1 -1 -1 -1 
22 0 70 1074 475 23 44 -1 -1 -1 -1 
23 2 2 731 699 156 210 -1 -1 -1 -1 
23 2 3 1274 581 112 93 -1 -1 -1 -1 
23 0 4 168 1010 107 77 -1 -1 -1 -1 
23 0 6 1403 744 68 96 -1 -1 -1 -1 
23 0 7 1318 792 73 107 -1 -1 -1 -1 
23 2 8 1151 526 117 137 -1 -1 -1 -1 
23 0 9 438 840 70 118 -1 -1 -1 -1 
23 0 10 1106 677 54 78 -1 -1 -1 -1 
23 0 11 284 870 91 115 -1 -1 -1 -1 
23 0 12 1015 570 38 60 -1 -1 -1 -1 
23 0 13 585 705 49 83 -1 -1 -1 -1 
23 0 14 156 774 81 118 -1 -1 -1 -1 
23 2 15 893 453 63 68 -1 -1 -1 -1 
23 0 16 622 801 61 104 -1 -1 -1 -1 
23 0 17 1188 657 54 77 -1 -1 -1 -1 
23 0 18 1566 698 83 75 -1 -1 -1 -1 
23 2 19 673 448 55 51 -1 -1 -1 -1 
23 0 20 1431 625 56 64 -1 -1 -1 -1 
23 0 21 1305 502 34 45 -1 -1 -1 -1 
23 0 22 633 603 41 63 -1 -1 -1 -1 
23 0 23 1111 530 32 57 -1 -1 -1 -1 
23 0 25 1047 528 31 60 -1 -1 -1 -1 
23 0 26 714 589 34 62 -1 -1 -1 -1 
23 0 27 792 625 47 66 -1 -1 -1 -1 
23 2 28 1200 465 60 50 -1 -1 -1 -1 
23 2 29 1100 429 49 50 -1 -1 -1 -1 
23 0 30 817 531 36 53 -1 -1 -1 -1 
23 0 31 478 702 60 81 -1 -1 -1 -1 
23 2 32 721 387 40 35 -1 -1 -1 -1 
23 2 33 1051 412 44 43 -1 -1 -1 -1 
23 0 34 1075 515 23 49 -1 -1 -1 -1 
23 0 36 1273 497 32 52 -1 -1 -1 -1 
23 0 37 776 554 32 59 -1 -1 -1 -1 
23 2 38 1163 381 40 34 -1 -1 -1 -1 
23 0 39 715 522 30 50 -1 -1 -1 -1 
23 2 40 1120 468 57 64 -1 -1 -1 -1 
23 0 41 872 501 30 50 -1 -1 -1 -1 
23 0 42 1009 509 29 50 -1 -1 -1 -1 
23 2 43 1008 453 57 59 -1 -1 -1 -1 
23 0 44 600 543 37 54 -1 -1 -1 -1 
23 2 46 892 361 32 35 -1 -1 -1 -1 
23 0 47 1409 548 45 62 -1 -1 -1 -1 
23 0 50 793 492 25 47 -1 -1 -1 -1 
23 0 53 1304 545 41 41 -1 -1 -1 -1 
23 0 56 680 692 46 79 -1 -1 -1 -1 
23 0 60 989 432 21 38 -1 -1 -1 -1 
23 2 61 1526 914 352 173 -1 -1 -1 -1 
23 2 62 1110 901 258 186 -1 -1 -1 -1 
23 0 63 751 529 29 49 -1 -1 -1 -1 
23 0 68 643 553 30 48 -1 -1 -1 -1 
23 0 70 1075 480 22 43 -1 -1 -1 -1 
24 2 2 729 703 157 211 -1 -1 -1 -1 
24 2 3 1273 580 112 93 -1 -1 -1 -1 
24 0 4 163 1016 104 71 -1 -1 -1 -1 
24 0 6 1397 746 68 90 -1 -1 -1 -1 
24 0 7 1313 789 76 105 -1 -1 -1 -1 
24 2 8 1150 525 122 136 -1 -1 -1 -1 
24 0 9 433 847 75 117 -1 -1 -1 -1 
24 0 10 1104 672 53 78 -1 -1 -1 -1 
24 0 11 277 880 87 115 -1 -1 -1 -1 
24 0 12 1016 567 35 62 -1 -1 -1 -1 
24 0 13 580 707 51 86 -1 -1 -1 -1 
24 0 14 156 771 77 120 -1 -1 -1 -1 
24 2 15 894 454 60 67 -1 -1 -1 -1 
24 0 16 614 813 64 102 -1 -1 -1 -1 
24 0 17 1185 655 55 75 -1 -1 -1 -1 
24 0 18 1561 697 82 73 -1 -1 -1 -1 
24 2 19 673 449 53 51 -1 -1 -1 -1 
24 0 20 1428 624 57 63 -1 -1 -1 -1 
24 0 21 1305 502 32 44 -1 -1 -1 -1 
24 0 22 631 606 42 64 -1 -1 -1 -1 
24 0 23 1110 525 32 61 -1 -1 -1 -1 
24 0 25 1047 526 32 61 -1 -1 -1 -1 
24 0 26 713 592 34 63 -1 -1 -1 -1 
24 0 27 792 629 45 66 -1 -1 -1 -1 
24 2 28 1200 465 58 51 -1 -1 -1 -1 
24 2 29 1100 429 50 50 -1 -1 -1 -1 
24 0 30 817 532 34 54 -1 -1 -1 -1 
24 0 31 474 705 63 83 -1 -1 -1 -1 
24 2 32 721 386 39 36 -1 -1 -1 -1 
24 2 33 1052 414 43 42 -1 -1 -1 -1 
24 0 34 1075 512 24 54 -1 -1 -1 -1 
24 0 36 1270 498 32 51 -1 -1 -1 -1 
24 0 37 776 556 30 58 -1 -1 -1 -1 
24 2 38 1164 381 39 33 -1 -1 -1 -1 
24 0 39 713 524 30 52 -1 -1 -1 -1 
24 2 40 1119 467 58 65 -1 -1 -1 -1 
24 0 41 871 501 31 53 -1 -1 -1 -1 
24 0 42 1009 508 29 50 -1 -1 -1 -1 
24 2 43 1007 451 61 61 -1 -1 -1 -1 
24 0 44 598 542 37 56 -1 -1 -1 -1 
24 2 46 893 361 31 35 -1 -1 -1 -1 
24 0 47 1407 547 45 62 -1 -1 -1 -1 
24 0 50 793 492 25 47 -1 -1 -1 -1 
24 0 56 676 697 46 80 -1 -1 -1 -1 
24 0 60 988 431 20 37 -1 -1 -1 -1 
24 2 61 1523 908 347 179 -1 -1 -1 -1 
24 2 62 1109 893 254 194 -1 -1 -1 -1 
24 0 63 749 532 25 53 -1 -1 -1 -1 
24 0 68 641 552 30 50 -1 -1 -1 -1 
24 0 70 1073 470 24 49 -1 -1 -1 -1 
25 2 2 723 703 165 221 -1 -1 -1 -1 
25 2 3 1271 580 112 91 -1 -1 -1 -1 
25 0 6 1392 744 67 86 -1 -1 -1 -1 
25 0 7 1311 785 71 103 -1 -1 -1 -1 
25 2 8 1151 521 118 141 -1 -1 -1 -1 
25 0 9 426 855 73 116 -1 -1 -1 -1 
25 0 10 1104 668 52 79 -1 -1 -1 -1 
25 0 11 268 890 90 117 -1 -1 -1 -1 
25 0 12 1015 564 37 64 -1 -1 -1 -1 
25 0 13 576 711 52 85 -1 -1 -1 -1 
25 0 14 155 778 74 117 -1 -1 -1 -1 
25 2 15 893 453 62 69 -1 -1 -1 -1 
25 0 16 611 818 62 104 -1 -1 -1 -1 
25 0 17 1182 654 52 73 -1 -1 -1 -1 
25 0 18 1555 688 79 77 -1 -1 -1 -1 
25 2 19 672 448 55 54 -1 -1 -1 -1 
25 0 20 1424 623 56 60 -1 -1 -1 -1 
25 0 21 1301 502 33 44 -1 -1 -1 -1 
25 0 22 629 608 42 65 -1 -1 -1 -1 
25 0 23 1108 524 33 62 -1 -1 -1 -1 
25 0 25 1046 525 33 60 -1 -1 -1 -1 
25 0 26 708 594 37 62 -1 -1 -1 -1 
25 0 27 790 629 46 68 -1 -1 -1 -1 
25 2 28 1199 466 59 51 -1 -1 -1 -1 
25 2 29 1101 429 48 49 -1 -1 -1 -1 
25 0 30 816 538 36 54 -1 -1 -1 -1 
25 0 31 471 710 61 83 -1 -1 -1 -1 
25 2 32 720 386 42 38 -1 -1 -1 -1 
25 2 33 1052 413 44 42 -1 -1 -1 -1 
25 0 34 1074 510 25 56 -1 -1 -1 -1 
25 0 36 1269 500 31 49 -1 -1 -1 -1 
25 0 37 773 557 33 59 -1 -1 -1 -1 
25 2 38 1164 381 41 34 -1 -1 -1 -1 
25 0 39 712 524 30 54 -1 -1 -1 -1 
25 2 40 1121 465 54 57 -1 -1 -1 -1 
25 0 41 871 504 32 54 -1 -1 -1 -1 
25 0 42 1008 508 29 49 -1 -1 -1 -1 
25 2 43 1008 451 57 60 -1 -1 -1 -1 
25 0 44 595 545 35 57 -1 -1 -1 -1 
25 2 46 892 362 32 35 -1 -1 -1 -1 
25 0 47 1405 549 45 58 -1 -1 -1 -1 
25 0 50 792 496 24 46 -1 -1 -1 -1 
25 0 56 673 701 47 81 -1 -1 -1 -1 
25 0 60 987 429 22 38 -1 -1 -1 -1 
25 2 61 1519 899 338 188 -1 -1 -1 -1 
25 2 62 1109 885 249 202 -1 -1 -1 -1 
25 0 63 749 530 25 54 -1 -1 -1 -1 
25 0 68 640 553 32 52 -1 -1 -1 -1 
25 0 70 1072 470 25 49 -1 -1 -1 -1 
25 0 73 1340 537 32 47 -1 -1 -1 -1 
26 2 2 725 710 161 223 -1 -1 -1 -1 
26 2 3 1267 580 112 90 -1 -1 -1 -1 
26 0 6 1388 739 65 83 -1 -1 -1 -1 
26 0 7 1304 774 73 108 -1 -1 -1 -1 
26 2 8 1150 518 117 143 -1 -1 -1 -1 
26 0 9 421 861 71 116 -1 -1 -1 -1 
26 0 10 1104 662 49 79 -1 -1 -1 -1 
26 0 11 258 897 93 116 -1 -1 -1 -1 
26 0 12 1014 564 36 62 -1 -1 -1 -1 
26 0 13 571 716 51 87 -1 -1 -1 -1 
26 0 14 150 779 79 117 -1 -1 -1 -1 
26 2 15 894 456 61 66 -1 -1 -1 -1 
26 0 16 605 832 63 103 -1 -1 -1 -1 
26 0 17 1181 653 52 71 -1 -1 -1 -1 
26 0 18 1550 687 79 78 -1 -1 -1 -1 
26 2 19 670 447 57 56 -1 -1 -1 -1 
26 0 20 1421 622 55 58 -1 -1 -1 -1 
26 0 21 1299 500 34 44 -1 -1 -1 -1 
26 0 22 625 610 44 63 -1 -1 -1 -1 
26 0 23 1108 523 35 63 -1 -1 -1 -1 
26 0 25 1045 524 33 59 -1 -1 -1 -1 
26 0 26 707 596 38 62 -1 -1 -1 -1 
26 0 27 789 632 45 69 -1 -1 -1 -1 
26 2 28 1198 465 61 50 -1 -1 -1 -1 
26 2 29 1101 432 47 46 -1 -1 -1 -1 
26 0 30 818 538 31 55 -1 -1 -1 -1 
26 0 31 468 714 59 83 -1 -1 -1 -1 
26 2 32 721 386 41 37 -1 -1 -1 -1 
26 2 33 1052 413 44 40 -1 -1 -1 -1 
26 0 34 1072 512 26 54 -1 -1 -1 -1 
26 0 36 1269 499 31 48 -1 -1 -1 -1 
26 0 37 773 562 32 56 -1 -1 -1 -1 
26 2 38 1165 382 39 33 -1 -1 -1 -1 
26 0 39 708 525 32 51 -1 -1 -1 -1 
26 2 40 1119 462 57 57 -1 -1 -1 -1 
26 0 41 870 510 32 49 -1 -1 -1 -1 
26 0 42 1009 509 28 47 -1 -1 -1 -1 
26 2 43 1007 450 57 61 -1 -1 -1 -1 
26 0 44 592 547 36 59 -1 -1 -1 -1 
26 2 46 892 363 32 35 -1 -1 -1 -1 
26 0 47 1404 551 43 55 -1 -1 -1 -1 
26 0 50 790 496 25 46 -1 -1 -1 -1 
26 0 53 1295 538 39 49 -1 -1 -1 -1 
26 0 56 671 704 47 83 -1 -1 -1 -1 
26 0 60 987 429 22 38 -1 -1 -1 -1 
26 2 61 1510 890 328 197 -1 -1 -1 -1 
26 2 62 1107 877 245 210 -1 -1 -1 -1 
26 0 63 748 536 26 53 -1 -1 -1 -1 
26 0 68 637 554 33 51 -1 -1 -1 -1 
26 0 70 1072 470 24 50 -1 -1 -1 -1 
26 0 73 1337 535 33 49 -1 -1 -1 -1 
27 2 2 724 715 159 222 -1 -1 -1 -1 
27 2 3 1265 578 112 90 -1 -1 -1 -1 
27 0 6 1385 736 61 79 -1 -1 -1 -1 
27 0 7 1300 772 72 104 -1 -1 -1 -1 
27 2 8 1152 515 121 145 -1 -1 -1 -1 
27 0 9 417 867 74 119 -1 -1 -1 -1 
27 0 10 1102 659 50 79 -1 -1 -1 -1 
27 0 11 254 903 91 118 -1 -1 -1 -1 
27 0 12 1014 561 36 61 -1 -1 -1 -1 
27 0 13 570 718 48 88 -1 -1 -1 -1 
27 0 14 149 785 78 113 -1 -1 -1 -1 
27 2 15 895 457 59 66 -1 -1 -1 -1 
27 0 16 599 843 64 103 -1 -1 -1 -1 
27 0 17 1179 648 50 73 -1 -1 -1 -1 
27 0 18 1544 675 78 86 -1 -1 -1 -1 
27 2 19 669 447 57 55 -1 -1 -1 -1 
27 0 20 1419 619 57 59 -1 -1 -1 -1 
27 0 22 624 612 42 64 -1 -1 -1 -1 
27 0 23 1108 521 33 62 -1 -1 -1 -1 
27 0 25 1047 520 30 61 -1 -1 -1 -1 
27 0 26 707 598 37 62 -1 -1 -1 -1 
27 0 27 788 632 44 72 -1 -1 -1 -1 
27 2 28 1200 464 57 49 -1 -1 -1 -1 
27 2 29 1101 435 43 43 -1 -1 -1 -1 
27 0 30 817 538 33 56 -1 -1 -1 -1 
27 0 31 465 716 60 85 -1 -1 -1 -1 
27 2 32 721 386 41 37 -1 -1 -1 -1 
27 2 33 1053 413 42 39 -1 -1 -1 -1 
27 0 34 1073 510 23 54 -1 -1 -1 -1 
27 0 36 1268 498 32 47 -1 -1 -1 -1 
27 0 37 772 564 32 56 -1 -1 -1 -1 
27 2 38 1165 382 38 32 -1 -1 -1 -1 
27 0 39 708 527 31 50 -1 -1 -1 -1 
27 2 40 1121 461 52 55 -1 -1 -1 -1 
27 0 41 872 512 30 49 -1 -1 -1 -1 
27 0 42 1009 509 27 45 -1 -1 -1 -1 
27 2 43 1009 447 54 61 -1 -1 -1 -1 
27 0 44 589 548 35 61 -1 -1 -1 -1 
27 2 46 892 365 30 34 -1 -1 -1 -1 
27 0 47 1405 549 41 53 -1 -1 -1 -1 
27 0 50 789 495 24 47 -1 -1 -1 -1 
27 0 53 1288 537 43 47 -1 -1 -1 -1 
27 0 56 667 707 49 85 -1 -1 -1 -1 
27 0 60 988 429 20 37 -1 -1 -1 -1 
27 2 61 1501 880 322 207 -1 -1 -1 -1 
27 2 62 1105 866 243 221 -1 -1 -1 -1 
27 0 63 748 535 24 53 -1 -1 -1 -1 
27 0 68 635 559 33 50 -1 -1 -1 -1 
27 0 70 1072 479 24 47 -1 -1 -1 -1 
27 0 73 1335 533 32 49 -1 -1 -1 -1 
27 0 75 738 484 24 46 -1 -1 -1 -1 
28 2 2 723 721 157 225 -1 -1 -1 -1 
28 2 3 1263 577 112 90 -1 -1 -1 -1 
28 0 6 1379 718 62 92 -1 -1 -1 -1 
28 0 7 1297 766 69 102 -1 -1 -1 -1 
28 2 8 1149 511 119 146 -1 -1 -1 -1 
28 0 9 410 875 79 120 -1 -1 -1 -1 
28 0 10 1100 656 48 77 -1 -1 -1 -1 
28 0 11 241 908 94 122 -1 -1 -1 -1 
28 0 12 1015 561 34 59 -1 -1 -1 -1 
28 0 13 565 727 52 87 -1 -1 -1 -1 
28 0 14 147 787 77 112 -1 -1 -1 -1 
28 2 15 894 457 59 67 -1 -1 -1 -1 
28 0 16 597 850 58 106 -1 -1 -1 -1 
28 0 17 1178 646 49 73 -1 -1 -1 -1 
28 0 18 1535 675 79 84 -1 -1 -1 -1 
28 2 19 667 448 58 56 -1 -1 -1 -1 
28 0 20 1417 611 54 63 -1 -1 -1 -1 
28 0 22 622 613 42 67 -1 -1 -1 -1 
28 0 23 1107 520 36 64 -1 -1 -1 -1 
28 0 25 1047 519 29 62 -1 -1 -1 -1 
28 0 26 706 603 35 64 -1 -1 -1 -1 
28 0 27 786 636 46 72 -1 -1 -1 -1 
28 2 28 1198 462 60 50 -1 -1 -1 -1 
28 2 29 1100 437 42 41 -1 -1 -1 -1 
28 0 30 816 540 34 56 -1 -1 -1 -1 
28 0 31 462 717 57 86 -1 -1 -1 -1 
28 2 32 722 387 39 35 -1 -1 -1 -1 
28 2 33 1055 414 39 37 -1 -1 -1 -1 
28 0 34 1072 510 24 55 -1 -1 -1 -1 
28 0 36 1269 499 29 45 -1 -1 -1 -1 
28 0 37 770 566 33 57 -1 -1 -1 -1 
28 2 38 1166 383 36 31 -1 -1 -1 -1 
28 0 39 706 528 32 51 -1 -1 -1 -1 
28 2 40 1121 461 53 56 -1 -1 -1 -1 
28 0 41 871 514 32 51 -1 -1 -1 -1 
28 2 43 1010 448 51 60 -1 -1 -1 -1 
28 0 44 585 549 36 62 -1 -1 -1 -1 
28 2 46 892 365 30 34 -1 -1 -1 -1 
28 0 47 1403 548 43 53 -1 -1 -1 -1 
28 0 50 787 497 27 47 -1 -1 -1 -1 
28 0 53 1295 537 35 48 -1 -1 -1 -1 
28 0 56 664 708 49 89 -1 -1 -1 -1 
28 0 60 987 428 22 39 -1 -1 -1 -1 
28 2 61 1497 872 315 215 -1 -1 -1 -1 
28 2 62 1103 857 241 229 -1 -1 -1 -1 
28 0 63 745 538 26 52 -1 -1 -1 -1 
28 0 68 631 563 35 49 -1 -1 -1 -1 
28 0 70 1071 463 25 55 -1 -1 -1 -1 
28 0 73 1333 530 32 50 -1 -1 -1 -1 
28 0 75 737 484 26 46 -1 -1 -1 -1 
29 2 2 714 729 169 230 -1 -1 -1 -1 
29 2 3 1262 574 109 90 -1 -1 -1 -1 
29 0 6 1376 723 61 84 -1 -1 -1 -1 
29 0 7 1295 764 68 99 -1 -1 -1 -1 
29 2 8 1147 512 119 144 -1 -1 -1 -1 
29 0 9 407 883 70 123 -1 -1 -1 -1 
29 0 10 1099 655 46 75 -1 -1 -1 -1 
29 0 11 233 915 97 127 -1 -1 -1 -1 
29 0 12 1014 560 36 59 -1 -1 -1 -1 
29 0 13 562 733 52 86 -1 -1 -1 -1 
29 0 14 144 787 78 114 -1 -1 -1 -1 
29 2 15 893 459 61 67 -1 -1 -1 -1 
29 0 16 586 857 65 109 -1 -1 -1 -1 
29 0 17 1174 642 51 74 -1 -1 -1 -1 
29 0 18 1531 674 76 78 -1 -1 -1 -1 
29 2 19 665 447 59 58 -1 -1 -1 -1 
29 0 20 1413 613 56 59 -1 -1 -1 -1 
29 0 22 620 615 42 68 -1 -1 -1 -1 
29 0 23 1106 520 36 62 -1 -1 -1 -1 
29 0 25 1047 521 31 59 -1 -1 -1 -1 
29 0 26 703 605 37 65 -1 -1 -1 -1 
29 0 27 784 642 44 72 -1 -1 -1 -1 
29 2 28 1197 460 61 51 -1 -1 -1 -1 
29 2 29 1102 432 42 44 -1 -1 -1 -1 
29 0 30 817 541 31 56 -1 -1 -1 -1 
29 0 31 456 723 62 86 -1 -1 -1 -1 
29 2 32 722 386 39 36 -1 -1 -1 -1 
29 2 33 1054 414 39 39 -1 -1 -1 -1 
29 0 34 1071 510 24 56 -1 -1 -1 -1 
29 0 36 1266 500 31 45 -1 -1 -1 -1 
29 0 37 770 569 32 57 -1 -1 -1 -1 
29 2 38 1165 382 37 31 -1 -1 -1 -1 
29 0 39 705 529 31 52 -1 -1 -1 -1 
29 2 40 1121 460 53 55 -1 -1 -1 -1 
29 0 41 871 516 34 51 -1 -1 -1 -1 
29 2 43 1006 446 54 59 -1 -1 -1 -1 
29 0 44 583 551 36 61 -1 -1 -1 -1 
29 2 46 891 364 32 35 -1 -1 -1 -1 
29 0 47 1401 550 42 51 -1 -1 -1 -1 
29 0 50 786 497 26 48 -1 -1 -1 -1 
29 0 53 1294 533 36 48 -1 -1 -1 -1 
29 0 56 661 716 51 87 -1 -1 -1 -1 
29 0 60 986 426 22 39 -1 -1 -1 -1 
29 2 61 1490 864 311 223 -1 -1 -1 -1 
29 2 62 1102 850 237 237 -1 -1 -1 -1 
29 0 63 747 541 24 53 -1 -1 -1 -1 
29 0 68 625 560 36 55 -1 -1 -1 -1 
29 0 70 1070 471 26 52 -1 -1 -1 -1 
29 0 73 1329 528 33 50 -1 -1 -1 -1 
29 0 75 738 488 21 45 -1 -1 -1 -1 
29 0 79 838 471 20 42 -1 -1 -1 -1 
30 2 2 708 733 172 234 -1 -1 -1 -1 
30 2 3 1260 573 109 90 -1 -1 -1 -1 
30 0 6 1369 724 61 79 -1 -1 -1 -1 
30 0 7 1291 764 66 93 -1 -1 -1 -1 
30 2 8 1147 511 120 141 -1 -1 -1 -1 
30 0 9 398 892 75 123 -1 -1 -1 -1 
30 0 10 1097 654 47 72 -1 -1 -1 -1 
30 0 11 224 923 100 129 -1 -1 -1 -1 
30 0 12 1014 559 34 60 -1 -1 -1 -1 
30 0 13 556 734 56 92 -1 -1 -1 -1 
30 0 14 141 792 74 112 -1 -1 -1 -1 
30 2 15 892 461 63 66 -1 -1 -1 -1 
30 0 16 580 864 67 110 -1 -1 -1 -1 
30 0 17 1171 641 51 73 -1 -1 -1 -1 
30 0 18 1530 679 73 72 -1 -1 -1 -1 
30 2 19 664 449 59 57 -1 -1 -1 -1 
30 0 20 1411 609 49 57 -1 -1 -1 -1 
30 0 21 1297 492 32 43 -1 -1 -1 -1 
30 0 22 618 618 41 68 -1 -1 -1 -1 
30 0 23 1105 521 35 60 -1 -1 -1 -1 
30 0 25 1046 521 31 59 -1 -1 -1 -1 
30 0 26 698 607 42 69 -1 -1 -1 -1 
30 0 27 780 645 51 73 -1 -1 -1 -1 
30 2 28 1196 460 59 52 -1 -1 -1 -1 
30 2 29 1102 431 42 44 -1 -1 -1 -1 
30 0 30 816 542 32 58 -1 -1 -1 -1 
30 0 31 452 726 63 86 -1 -1 -1 -1 
30 2 32 722 386 39 37 -1 -1 -1 -1 
30 2 33 1053 414 41 39 -1 -1 -1 -1 
30 0 34 1071 510 23 55 -1 -1 -1 -1 
30 0 36 1266 500 28 43 -1 -1 -1 -1 
30 0 37 768 570 32 60 -1 -1 -1 -1 
30 2 38 1167 383 36 31 -1 -1 -1 -1 
30 0 39 702 529 33 54 -1 -1 -1 -1 
30 2 40 1123 460 47 54 -1 -1 -1 -1 
30 0 41 873 519 31 50 -1 -1 -1 -1 
30 2 43 1006 445 55 59 -1 -1 -1 -1 
30 0 44 576 550 43 65 -1 -1 -1 -1 
30 2 46 891 365 31 35 -1 -1 -1 -1 
30 0 47 1400 553 39 50 -1 -1 -1 -1 
30 0 50 784 497 28 49 -1 -1 -1 -1 
30 0 53 1286 539 38 39 -1 -1 -1 -1 
30 0 56 658 723 53 86 -1 -1 -1 -1 
30 0 60 986 426 22 38 -1 -1 -1 -1 
30 2 61 1481 857 309 230 -1 -1 -1 -1 
30 2 62 1099 841 235 242 -1 -1 -1 -1 
30 0 63 744 536 25 57 -1 -1 -1 -1 
30 0 68 627 559 35 56 -1 -1 -1 -1 
30 0 70 1070 471 25 53 -1 -1 -1 -1 
31 2 2 702 745 176 230 -1 -1 -1 -1 
31 2 3 1260 571 106 88 -1 -1 -1 -1 
31 0 6 1364 720 58 77 -1 -1 -1 -1 
31 0 7 1289 758 63 93 -1 -1 -1 -1 
31 2 8 1147 511 117 138 -1 -1 -1 -1 
31 0 9 391 899 78 122 -1 -1 -1 -1 
31 0 10 1096 650 46 71 -1 -1 -1 -1 
31 0 11 212 936 99 126 -1 -1 -1 -1 
31 0 12 1013 556 36 61 -1 -1 -1 -1 
31 0 13 551 741 56 90 -1 -1 -1 -1 
31 0 14 139 795 76 110 -1 -1 -1 -1 
31 2 15 891 464 63 68 -1 -1 -1 -1 
31 0 16 577 879 64 113 -1 -1 -1 -1 
31 0 17 1171 641 45 71 -1 -1 -1 -1 
31 0 18 1520 665 78 78 -1 -1 -1 -1 
31 2 19 665 450 57 56 -1 -1 -1 -1 
31 0 20 1408 607 50 58 -1 -1 -1 -1 
31 0 21 1299 491 29 41 -1 -1 -1 -1 
31 0 22 615 620 44 70 -1 -1 -1 -1 
31 0 23 1106 519 31 59 -1 -1 -1 -1 
31 0 25 1047 520 29 58 -1 -1 -1 -1 
31 0 26 697 608 41 70 -1 -1 -1 -1 
31 0 27 779 647 49 74 -1 -1 -1 -1 
31 2 28 1197 461 57 50 -1 -1 -1 -1 
31 2 29 1103 429 43 43 -1 -1 -1 -1 
31 0 30 814 545 33 59 -1 -1 -1 -1 
31 0 31 448 730 62 85 -1 -1 -1 -1 
31 2 32 721 386 41 38 -1 -1 -1 -1 
31 2 33 1054 413 42 40 -1 -1 -1 -1 
31 0 36 1265 495 28 45 -1 -1 -1 -1 
31 0 37 766 574 32 61 -1 -1 -1 -1 
31 2 38 1166 383 37 31 -1 -1 -1 -1 
31 0 39 701 531 33 56 -1 -1 -1 -1 
31 2 40 1122 459 48 55 -1 -1 -1 -1 
31 0 41 874 520 31 53 -1 -1 -1 -1 
31 2 43 1006 445 53 58 -1 -1 -1 -1 
31 0 44 574 554 41 65 -1 -1 -1 -1 
31 2 46 891 365 32 36 -1 -1 -1 -1 
31 0 47 1400 551 37 49 -1 -1 -1 -1 
31 0 50 784 498 28 50 -1 -1 -1 -1 
31 0 53 1290 529 35 47 -1 -1 -1 -1 
31 0 56 656 730 46 86 -1 -1 -1 -1 
31 0 60 985 426 23 38 -1 -1 -1 -1 
31 2 61 1476 848 301 236 -1 -1 -1 -1 
31 2 62 1096 835 231 242 -1 -1 -1 -1 
31 0 63 742 541 29 58 -1 -1 -1 -1 
31 0 68 623 565 37 57 -1 -1 -1 -1 
31 0 73 1326 525 31 50 -1 -1 -1 -1 
31 0 79 840 470 24 46 -1 -1 -1 -1 
32 2 2 698 750 180 234 -1 -1 -1 -1 
32 2 3 1255 569 114 88 -1 -1 -1 -1 
32 0 6 1360 714 56 77 -1 -1 -1 -1 
32 0 7 1286 754 61 93 -1 -1 -1 -1 
32 2 8 1144 512 118 131 -1 -1 -1 -1 
32 0 9 385 910 80 122 -1 -1 -1 -1 
32 0 10 1093 645 48 74 -1 -1 -1 -1 
32 0 11 203 942 103 130 -1 -1 -1 -1 
32 0 12 1013 555 35 59 -1 -1 -1 -1 
32 0 13 548 744 53 90 -1 -1 -1 -1 
32 0 14 135 796 79 113 -1 -1 -1 -1 
32 2 15 891 464 64 70 -1 -1 -1 -1 
32 0 16 570 891 64 116 -1 -1 -1 -1 
32 0 17 1169 638 44 71 -1 -1 -1 -1 
32 0 18 1517 658 72 83 -1 -1 -1 -1 
32 2 19 664 450 57 57 -1 -1 -1 -1 
32 0 20 1407 605 46 58 -1 -1 -1 -1 
32 0 21 1297 495 30 42 -1 -1 -1 -1 
32 0 22 611 625 45 68 -1 -1 -1 -1 
32 0 23 1104 517 34 60 -1 -1 -1 -1 
32 0 25 1047 519 29 58 -1 -1 -1 -1 
32 0 26 695 610 40 72 -1 -1 -1 -1 
32 0 27 777 651 52 75 -1 -1 -1 -1 
32 2 28 1196 459 57 50 -1 -1 -1 -1 
32 2 29 1100 430 47 44 -1 -1 -1 -1 
32 0 30 813 547 33 59 -1 -1 -1 -1 
32 0 31 444 731 63 92 -1 -1 -1 -1 
32 2 32 722 386 39 37 -1 -1 -1 -1 
32 2 33 1055 412 41 40 -1 -1 -1 -1 
32 0 36 1264 493 29 45 -1 -1 -1 -1 
32 0 37 764 578 33 59 -1 -1 -1 -1 
32 2 38 1165 383 37 31 -1 -1 -1 -1 
32 0 39 699 532 33 57 -1 -1 -1 -1 
32 2 40 1119 460 51 59 -1 -1 -1 -1 
32 0 41 872 520 32 54 -1 -1 -1 -1 
32 2 43 1006 445 54 57 -1 -1 -1 -1 
32 0 44 571 559 41 62 -1 -1 -1 -1 
32 2 46 890 364 34 37 -1 -1 -1 -1 
32 0 47 1397 550 38 49 -1 -1 -1 -1 
32 0 50 783 499 30 52 -1 -1 -1 -1 
32 0 53 1287 527 36 47 -1 -1 -1 -1 
32 0 56 650 733 52 91 -1 -1 -1 -1 
32 0 60 985 425 22 37 -1 -1 -1 -1 
32 2 61 1473 840 287 235 -1 -1 -1 -1 
32 2 62 1094 826 229 248 -1 -1 -1 -1 
32 0 63 743 544 26 57 -1 -1 -1 -1 
32 0 68 622 571 36 57 -1 -1 -1 -1 
32 0 73 1321 522 35 52 -1 -1 -1 -1 
33 2 2 697 754 181 239 -1 -1 -1 -1 
33 2 3 1253 567 114 87 -1 -1 -1 -1 
33 0 6 1354 710 59 77 -1 -1 -1 -1 
33 0 7 1282 749 61 92 -1 -1 -1 -1 
33 2 8 1145 511 116 131 -1 -1 -1 -1 
33 0 9 378 917 81 126 -1 -1 -1 -1 
33 0 10 1090 643 50 74 -1 -1 -1 -1 
33 0 11 188 949 111 131 -1 -1 -1 -1 
33 0 12 1012 552 36 60 -1 -1 -1 -1 
33 0 13 546 751 50 92 -1 -1 -1 -1 
33 0 14 134 799 79 112 -1 -1 -1 -1 
33 2 15 890 466 63 69 -1 -1 -1 -1 
33 0 16 560 897 71 118 -1 -1 -1 -1 
33 0 17 1165 637 48 70 -1 -1 -1 -1 
33 0 18 1512 658 72 80 -1 -1 -1 -1 
33 2 19 662 449 57 59 -1 -1 -1 -1 
33 0 20 1403 603 50 58 -1 -1 -1 -1 
33 0 21 1297 495 28 40 -1 -1 -1 -1 
33 0 22 609 630 43 68 -1 -1 -1 -1 
33 0 23 1104 518 32 59 -1 -1 -1 -1 
33 0 25 1046 518 32 58 -1 -1 -1 -1 
33 0 26 694 612 41 72 -1 -1 -1 -1 
33 0 27 777 655 48 75 -1 -1 -1 -1 
33 2 28 1197 459 53 48 -1 -1 -1 -1 
33 2 29 1100 432 46 42 -1 -1 -1 -1 
33 0 30 812 551 34 57 -1 -1 -1 -1 
33 0 31 440 736 62 90 -1 -1 -1 -1 
33 2 32 721 386 41 37 -1 -1 -1 -1 
33 2 33 1054 411 42 40 -1 -1 -1 -1 
33 0 36 1264 493 28 43 -1 -1 -1 -1 
33 0 37 763 580 34 59 -1 -1 -1 -1 
33 2 38 1166 384 38 31 -1 -1 -1 -1 
33 0 39 698 535 34 56 -1 -1 -1 -1 
33 2 40 1119 463 51 60 -1 -1 -1 -1 
33 0 41 871 522 34 56 -1 -1 -1 -1 
33 0 42 1007 496 26 47 -1 -1 -1 -1 
33 2 43 1005 447 53 56 -1 -1 -1 -1 
33 0 44 567 562 40 61 -1 -1 -1 -1 
33 2 46 888 366 37 36 -1 -1 -1 -1 
33 0 47 1396 551 37 49 -1 -1 -1 -1 
33 0 49 1165 437 26 40 -1 -1 -1 -1 
33 0 50 783 501 29 52 -1 -1 -1 -1 
33 0 53 1280 529 37 46 -1 -1 -1 -1 
33 0 56 647 742 49 89 -1 -1 -1 -1 
33 0 60 984 423 22 37 -1 -1 -1 -1 
33 2 61 1468 832 282 234 -1 -1 -1 -1 
33 2 62 1094 821 225 243 -1 -1 -1 -1 
33 0 63 739 548 28 57 -1 -1 -1 -1 
33 0 68 619 575 36 56 -1 -1 -1 -1 
33 0 73 1318 521 37 54 -1 -1 -1 -1 
33 0 75 738 497 25 47 -1 -1 -1 -1 
34 2 2 693 758 183 258 -1 -1 -1 -1 
34 2 3 1251 567 113 86 -1 -1 -1 -1 
34 0 6 1350 705 59 79 -1 -1 -1 -1 
34 0 7 1277 744 62 90 -1 -1 -1 -1 
34 2 8 1146 508 112 130 -1 -1 -1 -1 
34 0 9 369 927 80 126 -1 -1 -1 -1 
34 0 10 1090 640 48 72 -1 -1 -1 -1 
34 0 11 178 959 111 122 -1 -1 -1 -1 
34 0 12 1011 553 37 56 -1 -1 -1 -1 
34 0 13 537 753 58 94 -1 -1 -1 -1 
34 0 14 131 800 80 112 -1 -1 -1 -1 
34 2 15 889 467 64 71 -1 -1 -1 -1 
34 0 16 555 907 68 122 -1 -1 -1 -1 
34 0 17 1162 636 46 66 -1 -1 -1 -1 
34 0 18 1509 657 69 79 -1 -1 -1 -1 
34 2 19 661 449 57 60 -1 -1 -1 -1 
34 0 20 1400 603 50 55 -1 -1 -1 -1 
34 0 22 606 633 44 69 -1 -1 -1 -1 
34 0 23 1103 515 32 59 -1 -1 -1 -1 
34 0 25 1047 517 30 56 -1 -1 -1 -1 
34 0 26 693 614 40 72 -1 -1 -1 -1 
34 0 27 775 659 51 77 -1 -1 -1 -1 
34 2 28 1195 459 54 48 -1 -1 -1 -1 
34 2 29 1099 433 44 42 -1 -1 -1 -1 
34 0 30 813 554 31 56 -1 -1 -1 -1 
34 0 31 435 740 63 92 -1 -1 -1 -1 
34 2 32 723 387 38 36 -1 -1 -1 -1 
34 2 33 1055 412 44 38 -1 -1 -1 -1 
34 0 36 1263 490 29 44 -1 -1 -1 -1 
34 0 37 762 582 34 59 -1 -1 -1 -1 
34 2 38 1166 383 38 31 -1 -1 -1 -1 
34 0 39 697 537 34 58 -1 -1 -1 -1 
34 2 40 1117 464 51 56 -1 -1 -1 -1 
34 0 41 872 526 34 56 -1 -1 -1 -1 
34 0 42 1008 497 25 48 -1 -1 -1 -1 
34 2 43 1004 446 54 57 -1 -1 -1 -1 
34 0 44 564 565 39 61 -1 -1 -1 -1 
34 2 46 888 366 37 36 -1 -1 -1 -1 
34 0 47 1391 546 38 52 -1 -1 -1 -1 
34 0 49 1165 437 25 39 -1 -1 -1 -1 
34 0 50 783 499 28 54 -1 -1 -1 -1 
34 0 53 1277 528 37 45 -1 -1 -1 -1 
34 0 56 644 748 47 90 -1 -1 -1 -1 
34 0 60 985 424 21 36 -1 -1 -1 -1 
34 2 61 1461 825 280 230 -1 -1 -1 -1 
34 2 62 1092 816 222 240 -1 -1 -1 -1 
35 2 2 691 761 184 265 -1 -1 -1 -1 
35 2 3 1248 568 112 82 -1 -1 -1 -1 
35 0 6 1344 699 59 80 -1 -1 -1 -1 
35 0 7 1274 740 58 88 -1 -1 -1 -1 
35 2 8 1143 512 108 124 -1 -1 -1 -1 
35 0 9 364 933 80 128 -1 -1 -1 -1 
35 0 10 1089 636 44 71 -1 -1 -1 -1 
35 0 11 169 967 111 118 -1 -1 -1 -1 
35 0 12 1013 550 35 57 -1 -1 -1 -1 
35 0 13 532 761 60 98 -1 -1 -1 -1 
35 0 14 130 801 79 111 -1 -1 -1 -1 
35 2 15 888 468 66 73 -1 -1 -1 -1 
35 0 16 547 919 73 127 -1 -1 -1 -1 
35 0 17 1160 633 43 64 -1 -1 -1 -1 
35 0 18 1503 651 70 80 -1 -1 -1 -1 
35 2 19 661 450 56 59 -1 -1 -1 -1 
35 0 20 1397 597 47 58 -1 -1 -1 -1 
35 0 22 604 634 43 71 -1 -1 -1 -1 
35 0 23 1103 514 30 57 -1 -1 -1 -1 
35 0 25 1048 514 29 56 -1 -1 -1 -1 
35 0 26 691 621 42 70 -1 -1 -1 -1 
35 0 27 775 663 48 76 -1 -1 -1 -1 
35 2 28 1195 457 55 48 -1 -1 -1 -1 
35 2 29 1093 435 35 40 -1 -1 -1 -1 
35 0 30 812 555 31 58 -1 -1 -1 -1 
35 0 31 430 743 68 93 -1 -1 -1 -1 
35 2 32 722 386 39 37 -1 -1 -1 -1 
35 2 33 1058 412 39 39 -1 -1 -1 -1 
35 0 36 1265 488 25 43 -1 -1 -1 -1 
35 0 37 761 585 33 59 -1 -1 -1 -1 
35 2 38 1164 383 40 31 -1 -1 -1 -1 
35 0 39 696 536 35 57 -1 -1 -1 -1 
35 2 40 1118 461 50 54 -1 -1 -1 -1 
35 0 41 872 529 34 56 -1 -1 -1 -1 
35 0 42 1006 497 28 48 -1 -1 -1 -1 
35 2 43 1004 446 54 54 -1 -1 -1 -1 
35 0 44 563 565 36 64 -1 -1 -1 -1 
35 2 46 889 366 36 36 -1 -1 -1 -1 
35 0 47 1389 546 40 52 -1 -1 -1 -1 
35 0 49 1171 434 21 39 -1 -1 -1 -1 
35 0 50 782 503 28 52 -1 -1 -1 -1 
35 0 53 1272 529 36 43 -1 -1 -1 -1 
35 0 56 641 751 49 92 -1 -1 -1 -1 
35 0 60 985 425 20 35 -1 -1 -1 -1 
35 2 61 1455 819 277 229 -1 -1 -1 -1 
35 2 62 1091 808 215 234 -1 -1 -1 -1 
35 0 63 737 553 26 55 -1 -1 -1 -1 
35 0 68 614 577 36 55 -1 -1 -1 -1 
35 0 70 1066 467 28 46 -1 -1 -1 -1 
35 0 73 1317 521 34 49 -1 -1 -1 -1 
35 0 79 837 470 23 48 -1 -1 -1 -1 
36 2 2 688 768 186 271 -1 -1 -1 -1 
36 2 3 1249 567 110 79 -1 -1 -1 -1 
36 0 6 1340 695 58 79 -1 -1 -1 -1 
36 0 7 1273 736 55 87 -1 -1 -1 -1 
36 2 8 1142 511 108 122 -1 -1 -1 -1 
36 0 9 352 941 90 133 -1 -1 -1 -1 
36 0 10 1086 634 46 74 -1 -1 -1 -1 
36 0 11 157 980 112 107 -1 -1 -1 -1 
36 0 12 1013 550 36 56 -1 -1 -1 -1 
36 0 13 526 768 64 97 -1 -1 -1 -1 
36 0 14 127 802 81 113 -1 -1 -1 -1 
36 2 15 890 470 63 72 -1 -1 -1 -1 
36 0 16 538 935 76 130 -1 -1 -1 -1 
36 0 17 1160 627 39 64 -1 -1 -1 -1 
36 0 18 1497 639 67 86 -1 -1 -1 -1 
36 2 19 661 451 55 59 -1 -1 -1 -1 
36 0 20 1394 594 47 58 -1 -1 -1 -1 
36 0 22 600 637 45 72 -1 -1 -1 -1 
36 0 23 1104 513 29 57 -1 -1 -1 -1 
36 0 25 1048 513 29 55 -1 -1 -1 -1 
36 0 26 689 624 42 69 -1 -1 -1 -1 
36 0 27 771 665 51 81 -1 -1 -1 -1 
36 2 28 1195 457 55 49 -1 -1 -1 -1 
36 2 29 1093 434 36 40 -1 -1 -1 -1 
36 0 30 810 558 34 58 -1 -1 -1 -1 
36 0 31 427 750 68 90 -1 -1 -1 -1 
36 2 32 722 386 40 37 -1 -1 -1 -1 
36 2 33 1054 411 44 39 -1 -1 -1 -1 
36 0 36 1264 486 24 43 -1 -1 -1 -1 
36 0 37 759 589 34 59 -1 -1 -1 -1 
36 2 38 1165 383 40 31 -1 -1 -1 -1 
36 0 39 694 538 36 59 -1 -1 -1 -1 
36 2 40 1119 461 48 55 -1 -1 -1 -1 
36 0 41 872 532 34 54 -1 -1 -1 -1 
36 0 42 1006 496 27 48 -1 -1 -1 -1 
36 2 43 1004 446 53 53 -1 -1 -1 -1 
36 0 44 560 568 36 66 -1 -1 -1 -1 
36 2 46 890 367 35 35 -1 -1 -1 -1 
36 0 47 1387 545 41 53 -1 -1 -1 -1 
36 0 49 1171 433 21 40 -1 -1 -1 -1 
36 0 50 782 506 26 51 -1 -1 -1 -1 
36 0 53 1270 527 32 44 -1 -1 -1 -1 
36 0 56 636 754 52 95 -1 -1 -1 -1 
36 0 60 983 425 22 36 -1 -1 -1 -1 
36 2 61 1452 814 269 230 -1 -1 -1 -1 
36 2 62 1088 801 211 226 -1 -1 -1 -1 
36 0 63 736 552 26 55 -1 -1 -1 -1 
36 0 68 610 580 37 54 -1 -1 -1 -1 
36 0 70 1065 466 29 44 -1 -1 -1 -1 
37 2 2 686 774 187 272 -1 -1 -1 -1 
37 2 3 1250 565 106 79 -1 -1 -1 -1 
37 0 6 1335 686 57 84 -1 -1 -1 -1 
37 0 7 1267 731 58 90 -1 -1 -1 -1 
37 2 8 1143 509 105 121 -1 -1 -1 -1 
37 0 9 342 950 96 133 -1 -1 -1 -1 
37 0 10 1084 630 47 75 -1 -1 -1 -1 
37 0 11 144 989 116 98 -1 -1 -1 -1 
37 0 12 1013 545 35 58 -1 -1 -1 -1 
37 0 13 522 774 64 94 -1 -1 -1 -1 
37 0 14 123 805 85 115 -1 -1 -1 -1 
37 2 15 889 471 64 73 -1 -1 -1 -1 
37 0 16 530 950 79 122 -1 -1 -1 -1 
37 0 17 1157 622 42 65 -1 -1 -1 -1 
37 0 18 1493 637 69 86 -1 -1 -1 -1 
37 2 19 661 452 54 58 -1 -1 -1 -1 
37 0 20 1390 592 45 59 -1 -1 -1 -1 
37 0 22 598 644 44 68 -1 -1 -1 -1 
37 0 23 1101 514 32 54 -1 -1 -1 -1 
37 0 25 1047 512 29 54 -1 -1 -1 -1 
37 0 26 687 629 43 67 -1 -1 -1 -1 
37 0 27 769 667 51 83 -1 -1 -1 -1 
37 2 28 1194 456 54 50 -1 -1 -1 -1 
37 2 29 1097 427 41 43 -1 -1 -1 -1 
37 0 30 811 561 31 57 -1 -1 -1 -1 
37 0 31 422 756 67 90 -1 -1 -1 -1 
37 2 32 722 386 39 37 -1 -1 -1 -1 
37 2 33 1054 412 39 38 -1 -1 -1 -1 
37 0 36 1263 484 24 44 -1 -1 -1 -1 
37 0 37 759 590 32 58 -1 -1 -1 -1 
37 2 38 1164 382 41 32 -1 -1 -1 -1 
37 0 39 694 539 34 58 -1 -1 -1 -1 
37 2 40 1116 458 49 61 -1 -1 -1 -1 
37 0 41 872 537 36 53 -1 -1 -1 -1 
37 0 42 1008 495 27 47 -1 -1 -1 -1 
37 0 44 554 568 39 67 -1 -1 -1 -1 
37 2 46 890 367 35 35 -1 -1 -1 -1 
37 0 49 1164 434 25 38 -1 -1 -1 -1 
37 0 50 780 509 27 51 -1 -1 -1 -1 
37 0 53 1270 523 31 45 -1 -1 -1 -1 
37 0 56 631 763 54 97 -1 -1 -1 -1 
37 0 60 983 426 22 34 -1 -1 -1 -1 
37 2 61 1449 805 265 227 -1 -1 -1 -1 
37 2 62 1086 796 206 217 -1 -1 -1 -1 
37 0 63 734 555 28 56 -1 -1 -1 -1 
37 0 68 610 584 34 54 -1 -1 -1 -1 
37 0 70 1065 459 25 43 -1 -1 -1 -1 
37 0 73 1314 520 30 47 -1 -1 -1 -1 
37 0 75 728 500 27 44 -1 -1 -1 -1 
38 2 2 680 777 193 280 -1 -1 -1 -1 
38 2 3 1249 563 105 79 -1 -1 -1 -1 
38 0 6 1332 688 57 77 -1 -1 -1 -1 
38 0 7 1263 725 58 91 -1 -1 -1 -1 
38 2 8 1142 508 106 121 -1 -1 -1 -1 
38 0 9 335 955 95 128 -1 -1 -1 -1 
38 0 10 1082 626 48 75 -1 -1 -1 -1 
38 0 11 129 1003 125 84 -1 -1 -1 -1 
38 0 12 1011 543 37 59 -1 -1 -1 -1 
38 0 13 520 780 62 95 -1 -1 -1 -1 
38 0 14 121 808 85 116 -1 -1 -1 -1 
38 2 15 888 471 66 75 -1 -1 -1 -1 
38 0 16 522 961 80 121 -1 -1 -1 -1 
38 0 17 1153 620 43 65 -1 -1 -1 -1 
38 0 18 1487 634 68 86 -1 -1 -1 -1 
38 2 19 658 453 57 59 -1 -1 -1 -1 
38 0 20 1388 591 43 58 -1 -1 -1 -1 
38 0 22 596 650 46 68 -1 -1 -1 -1 
38 0 23 1102 515 30 52 -1 -1 -1 -1 
38 0 25 1045 509 28 52 -1 -1 -1 -1 
38 0 26 684 632 43 69 -1 -1 -1 -1 
38 0 27 765 674 56 82 -1 -1 -1 -1 
38 2 28 1192 456 55 50 -1 -1 -1 -1 
38 2 29 1097 424 46 42 -1 -1 -1 -1 
38 0 30 810 561 33 59 -1 -1 -1 -1 
38 0 31 417 760 66 92 -1 -1 -1 -1 
38 2 32 722 387 40 36 -1 -1 -1 -1 
38 2 33 1052 411 42 39 -1 -1 -1 -1 
38 0 37 758 592 33 65 -1 -1 -1 -1 
38 2 38 1164 382 42 33 -1 -1 -1 -1 
38 0 39 692 541 34 59 -1 -1 -1 -1 
38 2 40 1113 458 53 59 -1 -1 -1 -1 
38 0 41 873 539 34 55 -1 -1 -1 -1 
38 0 42 1007 496 26 46 -1 -1 -1 -1 
38 2 43 1002 445 53 51 -1 -1 -1 -1 
38 0 44 550 570 41 67 -1 -1 -1 -1 
38 2 46 892 368 33 34 -1 -1 -1 -1 
38 0 49 1164 434 24 37 -1 -1 -1 -1 
38 0 50 780 510 27 51 -1 -1 -1 -1 
38 0 53 1265 520 33 46 -1 -1 -1 -1 
38 0 56 626 771 57 96 -1 -1 -1 -1 
38 0 60 983 425 22 35 -1 -1 -1 -1 
38 2 61 1442 800 262 219 -1 -1 -1 -1 
38 2 62 1085 792 202 212 -1 -1 -1 -1 
38 0 63 732 554 29 58 -1 -1 -1 -1 
38 0 68 602 590 39 53 -1 -1 -1 -1 
38 0 70 1065 460 25 42 -1 -1 -1 -1 
38 0 73 1313 517 30 48 -1 -1 -1 -1 
38 0 75 727 504 28 42 -1 -1 -1 -1 
39 2 2 675 786 196 281 -1 -1 -1 -1 
39 2 3 1245 561 107 80 -1 -1 -1 -1 
39 0 6 1328 683 56 77 -1 -1 -1 -1 
39 0 7 1257 720 59 88 -1 -1 -1 -1 
39 2 8 1140 506 105 121 -1 -1 -1 -1 
39 0 9 328 971 95 113 -1 -1 -1 -1 
39 0 10 1081 622 47 77 -1 -1 -1 -1 
39 0 11 121 1013 122 74 -1 -1 -1 -1 
39 0 12 1011 541 37 58 -1 -1 -1 -1 
39 0 13 516 785 62 96 -1 -1 -1 -1 
39 0 14 119 805 86 118 -1 -1 -1 -1 
39 2 15 889 469 67 75 -1 -1 -1 -1 
39 0 16 512 974 83 111 -1 -1 -1 -1 
39 0 17 1149 620 47 65 -1 -1 -1 -1 
39 0 18 1485 637 67 82 -1 -1 -1 -1 
39 2 19 657 454 58 59 -1 -1 -1 -1 
39 0 20 1388 593 42 55 -1 -1 -1 -1 
39 0 22 593 652 48 70 -1 -1 -1 -1 
39 0 23 1100 515 33 52 -1 -1 -1 -1 
39 0 25 1045 508 28 52 -1 -1 -1 -1 
39 0 26 681 636 43 68 -1 -1 -1 -1 
39 0 27 763 678 54 82 -1 -1 -1 -1 
39 2 28 1191 456 55 50 -1 -1 -1 -1 
39 2 29 1098 424 46 40 -1 -1 -1 -1 
39 0 30 809 563 33 60 -1 -1 -1 -1 
39 0 31 414 761 66 97 -1 -1 -1 -1 
39 2 32 723 387 38 35 -1 -1 -1 -1 
39 2 33 1053 408 44 39 -1 -1 -1 -1 
39 0 37 756 595 36 65 -1 -1 -1 -1 
39 2 38 1165 383 41 32 -1 -1 -1 -1 
39 0 39 689 541 36 60 -1 -1 -1 -1 
39 2 40 1113 458 52 58 -1 -1 -1 -1 
39 0 41 873 542 34 56 -1 -1 -1 -1 
39 0 42 1006 495 27 47 -1 -1 -1 -1 
39 2 43 1002 446 52 50 -1 -1 -1 -1 
39 0 44 549 574 38 68 -1 -1 -1 -1 
39 2 46 892 368 33 34 -1 -1 -1 -1 
39 0 50 776 512 30 53 -1 -1 -1 -1 
39 0 53 1264 522 31 45 -1 -1 -1 -1 
39 0 56 622 775 55 99 -1 -1 -1 -1 
39 0 60 982 425 23 35 -1 -1 -1 -1 
39 2 61 1437 796 257 211 -1 -1 -1 -1 
39 2 62 1083 785 200 211 -1 -1 -1 -1 
39 0 63 730 555 30 60 -1 -1 -1 -1 
39 0 68 600 593 38 52 -1 -1 -1 -1 
39 0 70 1066 462 24 41 -1 -1 -1 -1 
40 2 2 669 791 204 282 -1 -1 -1 -1 
40 2 3 1246 559 103 79 -1 -1 -1 -1 
40 0 6 1323 682 57 77 -1 -1 -1 -1 
40 0 7 1254 720 60 84 -1 -1 -1 -1 
40 2 8 1141 505 104 119 -1 -1 -1 -1 
40 0 9 323 980 91 107 -1 -1 -1 -1 
40 0 10 1080 619 45 75 -1 -1 -1 -1 
40 0 12 1010 541 38 57 -1 -1 -1 -1 
40 0 13 510 792 62 95 -1 -1 -1 -1 
40 0 14 116 805 87 120 -1 -1 -1 -1 
40 2 15 888 474 65 74 -1 -1 -1 -1 
40 0 16 507 986 79 101 -1 -1 -1 -1 
40 0 17 1149 615 41 65 -1 -1 -1 -1 
40 0 18 1480 639 66 76 -1 -1 -1 -1 
40 2 19 657 454 58 59 -1 -1 -1 -1 
40 0 20 1386 593 42 53 -1 -1 -1 -1 
40 0 22 592 654 48 71 -1 -1 -1 -1 
40 0 23 1102 515 29 50 -1 -1 -1 -1 
40 0 25 1044 506 29 52 -1 -1 -1 -1 
40 0 26 681 639 42 69 -1 -1 -1 -1 
40 0 27 762 681 54 83 -1 -1 -1 -1 
40 2 28 1191 456 56 50 -1 -1 -1 -1 
40 2 29 1098 424 45 41 -1 -1 -1 -1 
40 0 30 808 565 33 63 -1 -1 -1 -1 
40 0 31 409 763 68 101 -1 -1 -1 -1 
40 2 32 723 387 38 36 -1 -1 -1 -1 
40 2 33 1053 407 44 40 -1 -1 -1 -1 
40 0 37 753 598 38 64 -1 -1 -1 -1 
40 2 38 1165 383 41 33 -1 -1 -1 -1 
40 0 39 688 543 36 62 -1 -1 -1 -1 
40 2 40 1114 457 49 60 -1 -1 -1 -1 
40 0 41 871 544 35 55 -1 -1 -1 -1 
40 2 43 1002 445 51 49 -1 -1 -1 -1 
40 0 44 545 576 37 70 -1 -1 -1 -1 
40 2 46 890 368 35 35 -1 -1 -1 -1 
40 0 50 777 513 27 52 -1 -1 -1 -1 
40 0 53 1262 519 29 44 -1 -1 -1 -1 
40 0 56 619 779 57 101 -1 -1 -1 -1 
40 0 60 983 424 24 36 -1 -1 -1 -1 
40 2 61 1431 788 251 208 -1 -1 -1 -1 
40 2 62 1079 780 198 206 -1 -1 -1 -1 
40 0 63 727 555 34 62 -1 -1 -1 -1 
40 0 68 597 595 38 53 -1 -1 -1 -1 
40 0 70 1065 461 25 41 -1 -1 -1 -1 
40 0 73 1310 516 32 48 -1 -1 -1 -1 
40 0 75 725 505 28 43 -1 -1 -1 -1 
41 2 2 661 796 213 283 -1 -1 -1 -1 
41 2 3 1243 558 101 77 -1 -1 -1 -1 
41 0 6 1320 679 55 75 -1 -1 -1 -1 
41 0 7 1252 713 56 86 -1 -1 -1 -1 
41 2 8 1142 505 103 117 -1 -1 -1 -1 
41 0 9 315 991 92 96 -1 -1 -1 -1 
41 0 10 1080 617 42 74 -1 -1 -1 -1 
41 0 12 1010 539 37 56 -1 -1 -1 -1 
41 0 13 504 797 66 98 -1 -1 -1 -1 
41 0 14 112 807 92 121 -1 -1 -1 -1 
41 2 15 886 474 69 75 -1 -1 -1 -1 
41 0 16 497 1003 85 83 -1 -1 -1 -1 
41 0 17 1146 611 42 67 -1 -1 -1 -1 
41 0 18 1477 636 64 75 -1 -1 -1 -1 
41 2 19 657 455 56 58 -1 -1 -1 -1 
41 0 20 1384 592 43 52 -1 -1 -1 -1 
41 0 22 587 657 50 73 -1 -1 -1 -1 
41 0 23 1100 508 28 54 -1 -1 -1 -1 
41 0 26 680 641 40 72 -1 -1 -1 -1 
41 0 27 762 685 52 85 -1 -1 -1 -1 
41 2 28 1190 456 53 50 -1 -1 -1 -1 
41 2 29 1098 423 45 41 -1 -1 -1 -1 
41 0 30 806 567 36 65 -1 -1 -1 -1 
41 0 31 404 772 71 95 -1 -1 -1 -1 
41 2 32 722 386 39 37 -1 -1 -1 -1 
41 2 33 1053 405 46 42 -1 -1 -1 -1 
41 0 37 753 599 35 64 -1 -1 -1 -1 
41 2 38 1163 382 42 34 -1 -1 -1 -1 
41 0 39 687 545 35 64 -1 -1 -1 -1 
41 2 40 1112 455 51 60 -1 -1 -1 -1 
41 0 41 871 547 35 56 -1 -1 -1 -1 
41 2 43 1003 446 48 47 -1 -1 -1 -1 
41 0 44 537 581 46 67 -1 -1 -1 -1 
41 2 46 890 368 34 35 -1 -1 -1 -1 
41 0 50 774 515 30 53 -1 -1 -1 -1 
41 0 53 1261 518 30 43 -1 -1 -1 -1 
41 0 56 616 786 57 101 -1 -1 -1 -1 
41 0 60 981 425 23 34 -1 -1 -1 -1 
41 2 61 1425 784 249 205 -1 -1 -1 -1 
41 2 62 1080 771 191 205 -1 -1 -1 -1 
41 0 63 727 554 31 64 -1 -1 -1 -1 
41 0 68 594 597 40 55 -1 -1 -1 -1 
41 0 73 1310 515 31 47 -1 -1 -1 -1 
41 0 75 724 506 28 44 -1 -1 -1 -1 
41 0 79 837 480 23 47 -1 -1 -1 -1 
42 2 2 657 804 215 279 -1 -1 -1 -1 
42 2 3 1242 554 100 78 -1 -1 -1 -1 
42 0 6 1316 673 54 77 -1 -1 -1 -1 
42 0 7 1250 711 56 86 -1 -1 -1 -1 
42 2 8 1144 506 100 116 -1 -1 -1 -1 
42 0 9 304 996 94 91 -1 -1 -1 -1 
42 0 10 1078 614 43 75 -1 -1 -1 -1 
42 0 12 1011 537 34 57 -1 -1 -1 -1 
42 0 13 499 802 61 100 -1 -1 -1 -1 
42 0 14 111 812 90 118 -1 -1 -1 -1 
42 2 15 887 474 66 75 -1 -1 -1 -1 
42 0 16 488 1015 88 71 -1 -1 -1 -1 
42 0 17 1145 607 39 67 -1 -1 -1 -1 
42 0 18 1474 636 63 73 -1 -1 -1 -1 
42 2 19 657 455 58 59 -1 -1 -1 -1 
42 0 20 1378 591 47 51 -1 -1 -1 -1 
42 0 22 585 661 48 72 -1 -1 -1 -1 
42 0 23 1098 506 30 56 -1 -1 -1 -1 
42 0 26 675 644 44 73 -1 -1 -1 -1 
42 0 27 759 694 53 79 -1 -1 -1 -1 
42 2 28 1188 455 52 51 -1 -1 -1 -1 
42 2 29 1097 424 42 41 -1 -1 -1 -1 
42 0 30 806 569 36 64 -1 -1 -1 -1 
42 0 31 397 776 68 97 -1 -1 -1 -1 
42 2 32 722 386 39 37 -1 -1 -1 -1 
42 2 33 1054 406 47 41 -1 -1 -1 -1 
42 0 37 751 603 37 65 -1 -1 -1 -1 
42 2 38 1164 381 40 33 -1 -1 -1 -1 
42 0 39 681 543 39 64 -1 -1 -1 -1 
42 2 40 1110 455 53 60 -1 -1 -1 -1 
42 0 41 871 549 36 57 -1 -1 -1 -1 
42 2 43 1003 444 47 47 -1 -1 -1 -1 
42 0 44 534 583 45 66 -1 -1 -1 -1 
42 2 46 890 370 34 34 -1 -1 -1 -1 
42 0 50 773 517 30 52 -1 -1 -1 -1 
42 0 53 1259 517 29 42 -1 -1 -1 -1 
42 0 56 611 792 57 100 -1 -1 -1 -1 
42 0 60 983 424 21 35 -1 -1 -1 -1 
42 2 61 1421 779 245 204 -1 -1 -1 -1 
42 2 62 1078 769 189 199 -1 -1 -1 -1 
42 0 63 723 561 34 62 -1 -1 -1 -1 
42 0 68 591 599 41 56 -1 -1 -1 -1 
42 0 73 1308 509 29 46 -1 -1 -1 -1 
42 0 75 723 506 29 43 -1 -1 -1 -1 
43 2 2 653 811 217 276 -1 -1 -1 -1 
43 2 3 1239 553 101 79 -1 -1 -1 -1 
43 0 6 1311 669 56 78 -1 -1 -1 -1 
43 0 7 1246 708 59 84 -1 -1 -1 -1 
43 2 8 1140 506 103 122 -1 -1 -1 -1 
43 0 9 298 1007 98 79 -1 -1 -1 -1 
43 0 10 1076 612 44 75 -1 -1 -1 -1 
43 0 12 1010 536 36 57 -1 -1 -1 -1 
43 0 13 494 808 65 103 -1 -1 -1 -1 
43 0 14 107 809 95 127 -1 -1 -1 -1 
43 2 15 887 475 66 76 -1 -1 -1 -1 
43 0 16 476 1026 96 57 -1 -1 -1 -1 
43 0 17 1143 609 41 62 -1 -1 -1 -1 
43 0 18 1470 632 61 74 -1 -1 -1 -1 
43 2 19 658 455 55 58 -1 -1 -1 -1 
43 0 20 1378 589 44 51 -1 -1 -1 -1 
43 0 22 583 662 49 73 -1 -1 -1 -1 
43 0 23 1096 505 33 57 -1 -1 -1 -1 
43 0 26 673 647 43 73 -1 -1 -1 -1 
43 0 27 758 694 55 82 -1 -1 -1 -1 
43 2 28 1189 454 54 53 -1 -1 -1 -1 
43 2 29 1095 425 40 42 -1 -1 -1 -1 
43 0 30 806 575 35 64 -1 -1 -1 -1 
43 0 31 395 778 69 99 -1 -1 -1 -1 
43 2 32 723 387 37 35 -1 -1 -1 -1 
43 2 33 1056 408 45 40 -1 -1 -1 -1 
43 0 37 747 607 38 63 -1 -1 -1 -1 
43 2 38 1162 379 43 35 -1 -1 -1 -1 
43 0 39 681 546 39 63 -1 -1 -1 -1 
43 2 40 1109 455 54 60 -1 -1 -1 -1 
43 0 41 871 554 37 57 -1 -1 -1 -1 
43 2 43 1002 444 46 48 -1 -1 -1 -1 
43 0 44 532 587 43 68 -1 -1 -1 -1 
43 2 46 892 372 30 32 -1 -1 -1 -1 
43 0 50 771 518 31 52 -1 -1 -1 -1 
43 0 53 1256 511 29 48 -1 -1 -1 -1 
43 0 56 608 801 55 100 -1 -1 -1 -1 
43 0 60 982 423 22 36 -1 -1 -1 -1 
43 2 61 1419 775 239 203 -1 -1 -1 -1 
43 2 62 1076 762 186 197 -1 -1 -1 -1 
43 0 63 723 567 32 62 -1 -1 -1 -1 
43 0 68 592 599 38 60 -1 -1 -1 -1 
43 0 70 1063 460 23 43 -1 -1 -1 -1 
43 0 73 1309 511 30 46 -1 -1 -1 -1 
43 0 75 723 508 28 42 -1 -1 -1 -1 
44 2 2 649 820 217 266 -1 -1 -1 -1 
44 2 3 1239 551 102 79 -1 -1 -1 -1 
44 0 6 1307 659 58 80 -1 -1 -1 -1 
44 0 7 1244 701 55 84 -1 -1 -1 -1 
44 2 8 1139 503 103 121 -1 -1 -1 -1 
44 0 9 287 1019 102 68 -1 -1 -1 -1 
44 0 10 1075 609 43 74 -1 -1 -1 -1 
44 0 12 1010 534 36 58 -1 -1 -1 -1 
44 0 13 487 812 67 105 -1 -1 -1 -1 
44 0 14 104 813 95 126 -1 -1 -1 -1 
44 2 15 885 474 69 78 -1 -1 -1 -1 
44 0 16 474 1039 86 48 -1 -1 -1 -1 
44 0 17 1141 609 40 60 -1 -1 -1 -1 
44 0 18 1466 625 61 78 -1 -1 -1 -1 
44 2 19 656 455 57 59 -1 -1 -1 -1 
44 0 20 1374 582 51 52 -1 -1 -1 -1 
44 0 22 579 663 49 78 -1 -1 -1 -1 
44 0 23 1097 502 31 56 -1 -1 -1 -1 
44 0 25 1041 501 28 51 -1 -1 -1 -1 
44 0 26 672 649 43 74 -1 -1 -1 -1 
44 0 27 756 701 55 82 -1 -1 -1 -1 
44 2 28 1190 454 51 52 -1 -1 -1 -1 
44 2 29 1094 423 41 43 -1 -1 -1 -1 
44 0 30 806 577 34 64 -1 -1 -1 -1 
44 0 31 389 783 70 101 -1 -1 -1 -1 
44 2 32 723 387 37 35 -1 -1 -1 -1 
44 2 33 1054 409 42 39 -1 -1 -1 -1 
44 0 37 746 608 37 65 -1 -1 -1 -1 
44 2 38 1162 380 41 34 -1 -1 -1 -1 
44 0 39 680 546 37 64 -1 -1 -1 -1 
44 2 40 1110 457 50 56 -1 -1 -1 -1 
44 0 41 871 556 37 58 -1 -1 -1 -1 
44 2 43 1005 440 45 52 -1 -1 -1 -1 
44 0 44 527 588 45 69 -1 -1 -1 -1 
44 2 46 891 372 31 32 -1 -1 -1 -1 
44 0 50 772 518 28 52 -1 -1 -1 -1 
44 0 53 1253 509 32 49 -1 -1 -1 -1 
44 0 56 603 807 57 102 -1 -1 -1 -1 
44 0 60 982 423 21 37 -1 -1 -1 -1 
44 2 61 1414 766 238 206 -1 -1 -1 -1 
44 2 62 1077 757 180 194 -1 -1 -1 -1 
44 0 63 723 568 29 62 -1 -1 -1 -1 
44 0 68 590 599 39 61 -1 -1 -1 -1 
44 0 70 1064 459 23 43 -1 -1 -1 -1 
44 0 73 1306 506 29 46 -1 -1 -1 -1 
44 0 75 722 506 27 44 -1 -1 -1 -1 
44 0 79 836 479 23 53 -1 -1 -1 -1 
45 2 2 645 829 224 256 -1 -1 -1 -1 
45 2 3 1237 551 104 78 -1 -1 -1 -1 
45 0 6 1303 655 55 81 -1 -1 -1 -1 
45 0 7 1240 698 54 85 -1 -1 -1 -1 
45 2 8 1139 501 103 120 -1 -1 -1 -1 
45 0 9 284 1029 94 58 -1 -1 -1 -1 
45 0 10 1075 606 43 74 -1 -1 -1 -1 
45 0 12 1008 532 39 60 -1 -1 -1 -1 
45 0 13 480 818 68 104 -1 -1 -1 -1 
45 0 14 102 813 95 127 -1 -1 -1 -1 
45 2 15 885 475 71 77 -1 -1 -1 -1 
45 0 17 1138 605 40 63 -1 -1 -1 -1 
45 0 18 1459 624 64 77 -1 -1 -1 -1 
45 2 19 654 456 58 59 -1 -1 -1 -1 
45 0 20 1372 578 49 54 -1 -1 -1 -1 
45 0 22 576 664 49 82 -1 -1 -1 -1 
45 0 23 1095 502 33 57 -1 -1 -1 -1 
45 0 25 1040 501 31 52 -1 -1 -1 -1 
45 0 26 670 651 45 76 -1 -1 -1 -1 
45 0 27 752 705 55 83 -1 -1 -1 -1 
45 2 28 1186 453 55 53 -1 -1 -1 -1 
45 2 29 1091 423 45 44 -1 -1 -1 -1 
45 0 30 805 581 34 62 -1 -1 -1 -1 
45 0 31 383 785 73 104 -1 -1 -1 -1 
45 2 32 723 387 38 36 -1 -1 -1 -1 
45 2 33 1053 409 42 39 -1 -1 -1 -1 
45 0 37 746 613 37 67 -1 -1 -1 -1 
45 2 38 1164 381 40 33 -1 -1 -1 -1 
45 0 39 677 548 41 66 -1 -1 -1 -1 
45 2 40 1110 458 50 55 -1 -1 -1 -1 
45 0 41 871 559 39 60 -1 -1 -1 -1 
45 2 43 1003 439 47 53 -1 -1 -1 -1 
45 0 44 524 589 44 71 -1 -1 -1 -1 
45 2 46 891 373 31 32 -1 -1 -1 -1 
45 0 50 771 521 29 53 -1 -1 -1 -1 
45 0 53 1250 507 35 50 -1 -1 -1 -1 
45 0 56 595 815 60 104 -1 -1 -1 -1 
45 0 60 981 422 22 38 -1 -1 -1 -1 
45 2 61 1407 761 238 203 -1 -1 -1 -1 
45 2 62 1078 750 176 193 -1 -1 -1 -1 
45 0 63 722 570 29 64 -1 -1 -1 -1 
45 0 68 587 602 41 63 -1 -1 -1 -1 
45 0 70 1063 458 24 44 -1 -1 -1 -1 
45 0 73 1303 506 30 47 -1 -1 -1 -1 
46 2 2 645 835 217 249 -1 -1 -1 -1 
46 2 3 1239 550 98 76 -1 -1 -1 -1 
46 0 6 1297 653 56 82 -1 -1 -1 -1 
46 0 7 1238 697 56 83 -1 -1 -1 -1 
46 2 8 1139 501 99 119 -1 -1 -1 -1 
46 0 10 1072 604 47 74 -1 -1 -1 -1 
46 0 12 1008 530 38 59 -1 -1 -1 -1 
46 0 13 475 826 66 106 -1 -1 -1 -1 
46 0 14 97 815 99 128 -1 -1 -1 -1 
46 2 15 886 477 70 77 -1 -1 -1 -1 
46 0 17 1137 602 41 64 -1 -1 -1 -1 
46 0 18 1457 625 61 74 -1 -1 -1 -1 
46 2 19 653 457 58 58 -1 -1 -1 -1 
46 0 20 1369 578 46 54 -1 -1 -1 -1 
46 0 22 572 671 51 79 -1 -1 -1 -1 
46 0 23 1095 501 32 56 -1 -1 -1 -1 
46 0 25 1042 501 29 51 -1 -1 -1 -1 
46 0 26 669 656 43 76 -1 -1 -1 -1 
46 0 27 750 708 57 86 -1 -1 -1 -1 
46 2 28 1184 454 53 52 -1 -1 -1 -1 
46 2 29 1094 422 47 44 -1 -1 -1 -1 
46 0 30 805 583 32 62 -1 -1 -1 -1 
46 0 31 380 794 71 100 -1 -1 -1 -1 
46 2 32 723 386 38 37 -1 -1 -1 -1 
46 2 33 1053 408 42 40 -1 -1 -1 -1 
46 0 37 743 616 39 69 -1 -1 -1 -1 
46 2 38 1163 381 42 34 -1 -1 -1 -1 
46 0 39 675 551 40 66 -1 -1 -1 -1 
46 2 40 1111 457 47 57 -1 -1 -1 -1 
46 0 41 871 562 38 61 -1 -1 -1 -1 
46 2 43 1003 438 45 52 -1 -1 -1 -1 
46 0 44 521 595 45 72 -1 -1 -1 -1 
46 2 46 891 372 31 33 -1 -1 -1 -1 
46 0 50 769 522 31 55 -1 -1 -1 -1 
46 0 53 1250 506 31 50 -1 -1 -1 -1 
46 0 56 594 823 54 106 -1 -1 -1 -1 
46 2 61 1400 757 238 199 -1 -1 -1 -1 
46 2 62 1077 742 178 193 -1 -1 -1 -1 
46 0 63 718 573 32 64 -1 -1 -1 -1 
46 0 68 585 608 39 60 -1 -1 -1 -1 
46 0 73 1301 503 31 50 -1 -1 -1 -1 
46 0 79 834 482 25 54 -1 -1 -1 -1 
46 0 82 797 499 24 49 -1 -1 -1 -1 
46 0 83 752 470 23 48 -1 -1 -1 -1 
47 2 2 647 842 216 243 -1 -1 -1 -1 
47 2 3 1239 548 96 78 -1 -1 -1 -1 
47 0 6 1294 655 56 78 -1 -1 -1 -1 
47 0 7 1234 698 55 78 -1 -1 -1 -1 
47 2 8 1135 500 100 119 -1 -1 -1 -1 
47 0 10 1068 605 46 69 -1 -1 -1 -1 
47 0 12 1009 530 37 57 -1 -1 -1 -1 
47 0 13 471 832 67 106 -1 -1 -1 -1 
47 0 14 93 821 100 121 -1 -1 -1 -1 
47 2 15 886 477 70 80 -1 -1 -1 -1 
47 0 17 1136 601 37 62 -1 -1 -1 -1 
47 0 18 1454 626 59 70 -1 -1 -1 -1 
47 2 19 652 456 58 59 -1 -1 -1 -1 
47 0 20 1367 578 48 53 -1 -1 -1 -1 
47 0 22 568 677 51 78 -1 -1 -1 -1 
47 0 23 1095 503 31 54 -1 -1 -1 -1 
47 0 25 1044 504 29 49 -1 -1 -1 -1 
47 0 26 666 659 45 75 -1 -1 -1 -1 
47 0 27 747 716 57 88 -1 -1 -1 -1 
47 2 28 1184 453 53 52 -1 -1 -1 -1 
47 2 29 1095 421 47 45 -1 -1 -1 -1 
47 0 30 803 585 34 63 -1 -1 -1 -1 
47 0 31 374 799 70 100 -1 -1 -1 -1 
47 2 32 722 385 39 38 -1 -1 -1 -1 
47 2 33 1053 406 42 40 -1 -1 -1 -1 
47 0 37 742 619 39 68 -1 -1 -1 -1 
47 2 38 1163 382 42 34 -1 -1 -1 -1 
47 0 39 673 553 42 66 -1 -1 -1 -1 
47 2 40 1110 455 48 54 -1 -1 -1 -1 
47 0 41 871 564 37 62 -1 -1 -1 -1 
47 2 43 1003 437 48 52 -1 -1 -1 -1 
47 0 44 514 600 45 69 -1 -1 -1 -1 
47 2 46 891 372 32 33 -1 -1 -1 -1 
47 0 50 769 521 30 57 -1 -1 -1 -1 
47 0 53 1248 508 32 48 -1 -1 -1 -1 
47 0 56 588 832 57 103 -1 -1 -1 -1 
47 2 61 1396 753 235 196 -1 -1 -1 -1 
47 2 62 1074 738 179 188 -1 -1 -1 -1 
47 0 63 716 577 33 64 -1 -1 -1 -1 
47 0 68 579 615 39 61 -1 -1 -1 -1 
47 0 73 1300 503 32 48 -1 -1 -1 -1 
47 0 75 719 508 26 50 -1 -1 -1 -1 
47 0 79 834 485 25 52 -1 -1 -1 -1 
47 0 82 795 496 25 54 -1 -1 -1 -1 
47 0 83 746 469 27 49 -1 -1 -1 -1 
48 2 2 645 847 217 237 -1 -1 -1 -1 
48 2 3 1238 547 97 77 -1 -1 -1 -1 
48 0 6 1292 650 52 78 -1 -1 -1 -1 
48 0 7 1231 688 51 81 -1 -1 -1 -1 
48 2 8 1134 501 102 115 -1 -1 -1 -1 
48 0 10 1069 603 43 67 -1 -1 -1 -1 
48 0 12 1009 528 37 56 -1 -1 -1 -1 
48 0 13 463 834 73 109 -1 -1 -1 -1 
48 0 14 90 817 98 127 -1 -1 -1 -1 
48 2 15 886 479 71 81 -1 -1 -1 -1 
48 0 17 1132 597 38 63 -1 -1 -1 -1 
48 0 18 1452 620 55 70 -1 -1 -1 -1 
48 2 19 652 456 58 60 -1 -1 -1 -1 
48 0 20 1363 576 43 52 -1 -1 -1 -1 
48 0 22 567 680 50 78 -1 -1 -1 -1 
48 0 23 1094 501 31 53 -1 -1 -1 -1 
48 0 25 1042 500 28 49 -1 -1 -1 -1 
48 0 26 663 664 47 77 -1 -1 -1 -1 
48 0 27 745 720 58 87 -1 -1 -1 -1 
48 2 28 1185 453 51 46 -1 -1 -1 -1 
48 2 29 1093 420 52 47 -1 -1 -1 -1 
48 0 30 801 587 34 64 -1 -1 -1 -1 
48 0 31 370 803 69 102 -1 -1 -1 -1 
48 2 32 722 385 39 38 -1 -1 -1 -1 
48 2 33 1053 404 42 40 -1 -1 -1 -1 
48 0 37 741 621 38 68 -1 -1 -1 -1 
48 2 38 1162 381 42 33 -1 -1 -1 -1 
48 0 39 673 556 39 65 -1 -1 -1 -1 
48 2 40 1109 456 50 53 -1 -1 -1 -1 
48 0 41 871 568 37 61 -1 -1 -1 -1 
48 2 43 1002 440 49 51 -1 -1 -1 -1 
48 0 44 510 602 46 71 -1 -1 -1 -1 
48 2 46 890 371 33 34 -1 -1 -1 -1 
48 0 50 767 523 32 56 -1 -1 -1 -1 
48 0 53 1246 507 31 48 -1 -1 -1 -1 
48 0 56 582 836 58 107 -1 -1 -1 -1 
48 2 61 1393 746 229 194 -1 -1 -1 -1 
48 2 62 1075 732 173 187 -1 -1 -1 -1 
48 0 63 716 579 30 63 -1 -1 -1 -1 
48 0 68 575 616 43 62 -1 -1 -1 -1 
48 0 73 1300 501 30 48 -1 -1 -1 -1 
48 0 75 716 511 29 51 -1 -1 -1 -1 
48 0 79 835 486 24 50 -1 -1 -1 -1 
48 0 82 796 499 25 50 -1 -1 -1 -1 
48 0 83 744 473 26 45 -1 -1 -1 -1 
49 2 2 641 856 221 229 -1 -1 -1 -1 
49 2 3 1238 546 94 75 -1 -1 -1 -1 
49 0 6 1288 649 54 77 -1 -1 -1 -1 
49 0 7 1229 682 50 83 -1 -1 -1 -1 
49 2 8 1134 501 99 113 -1 -1 -1 -1 
49 0 10 1068 601 42 67 -1 -1 -1 -1 
49 0 12 1010 528 36 55 -1 -1 -1 -1 
49 0 13 455 844 69 111 -1 -1 -1 -1 
49 0 14 87 822 98 127 -1 -1 -1 -1 
49 2 15 883 481 72 80 -1 -1 -1 -1 
49 0 17 1130 595 42 64 -1 -1 -1 -1 
49 0 18 1447 615 57 73 -1 -1 -1 -1 
49 2 19 651 456 59 60 -1 -1 -1 -1 
49 0 20 1361 574 41 52 -1 -1 -1 -1 
49 0 22 564 682 49 82 -1 -1 -1 -1 
49 0 23 1093 502 32 53 -1 -1 -1 -1 
49 0 25 1041 500 29 49 -1 -1 -1 -1 
49 0 26 659 667 48 77 -1 -1 -1 -1 
49 0 27 744 723 56 89 -1 -1 -1 -1 
49 2 28 1184 452 49 47 -1 -1 -1 -1 
49 2 29 1094 420 50 47 -1 -1 -1 -1 
49 0 30 798 592 36 64 -1 -1 -1 -1 
49 0 31 364 812 72 98 -1 -1 -1 -1 
49 2 32 722 385 39 38 -1 -1 -1 -1 
49 2 33 1053 403 42 40 -1 -1 -1 -1 
49 0 37 737 625 39 68 -1 -1 -1 -1 
49 2 38 1165 382 39 33 -1 -1 -1 -1 
49 0 39 670 558 41 65 -1 -1 -1 -1 
49 2 40 1111 456 47 51 -1 -1 -1 -1 
49 0 41 872 570 36 64 -1 -1 -1 -1 
49 0 42 1003 487 24 45 -1 -1 -1 -1 
49 2 43 1002 440 48 50 -1 -1 -1 -1 
49 0 44 507 604 46 73 -1 -1 -1 -1 
49 2 46 892 373 32 32 -1 -1 -1 -1 
49 0 50 768 525 29 56 -1 -1 -1 -1 
49 0 53 1247 506 29 45 -1 -1 -1 -1 
49 0 56 576 842 58 112 -1 -1 -1 -1 
49 2 61 1389 741 226 194 -1 -1 -1 -1 
49 2 62 1069 732 177 179 -1 -1 -1 -1 
49 0 63 714 581 31 65 -1 -1 -1 -1 
49 0 68 572 619 43 61 -1 -1 -1 -1 
49 0 73 1300 501 30 47 -1 -1 -1 -1 
49 0 75 714 511 30 50 -1 -1 -1 -1 
49 0 79 836 487 22 51 -1 -1 -1 -1 
49 0 82 797 499 24 50 -1 -1 -1 -1 
49 0 83 745 474 23 47 -1 -1 -1 -1 
49 0 84 811 463 21 45 -1 -1 -1 -1 
50 2 2 637 863 224 224 -1 -1 -1 -1 
50 2 3 1236 541 97 77 -1 -1 -1 -1 
50 0 6 1285 647 53 73 -1 -1 -1 -1 
50 0 7 1224 680 54 82 -1 -1 -1 -1 
50 2 8 1133 496 99 118 -1 -1 -1 -1 
50 0 10 1065 598 45 67 -1 -1 -1 -1 
50 0 12 1009 528 35 53 -1 -1 -1 -1 
50 0 13 451 850 70 112 -1 -1 -1 -1 
50 0 14 84 821 101 129 -1 -1 -1 -1 
50 2 15 882 483 72 81 -1 -1 -1 -1 
50 0 17 1127 595 41 62 -1 -1 -1 -1 
50 0 18 1442 614 59 71 -1 -1 -1 -1 
50 2 19 650 457 60 60 -1 -1 -1 -1 
50 0 20 1358 572 46 53 -1 -1 -1 -1 
50 0 22 560 687 53 82 -1 -1 -1 -1 
50 0 23 1094 504 31 49 -1 -1 -1 -1 
50 0 25 1041 500 28 47 -1 -1 -1 -1 
50 0 26 657 671 47 75 -1 -1 -1 -1 
50 0 27 740 728 58 91 -1 -1 -1 -1 
50 2 28 1181 451 53 46 -1 -1 -1 -1 
50 2 29 1095 422 45 43 -1 -1 -1 -1 
50 0 30 797 594 36 64 -1 -1 -1 -1 
50 0 31 359 812 70 104 -1 -1 -1 -1 
50 2 32 722 385 39 37 -1 -1 -1 -1 
50 2 33 1053 403 42 40 -1 -1 -1 -1 
50 0 37 735 629 39 66 -1 -1 -1 -1 
50 2 38 1163 380 40 34 -1 -1 -1 -1 
50 0 39 671 560 39 64 -1 -1 -1 -1 
50 2 40 1110 457 46 52 -1 -1 -1 -1 
50 0 41 871 575 39 63 -1 -1 -1 -1 
50 0 42 1003 487 23 44 -1 -1 -1 -1 
50 2 43 1004 439 44 48 -1 -1 -1 -1 
50 0 44 500 606 47 72 -1 -1 -1 -1 
50 2 46 891 373 33 32 -1 -1 -1 -1 
50 0 50 767 524 29 58 -1 -1 -1 -1 
50 0 53 1242 508 29 41 -1 -1 -1 -1 
50 0 56 570 851 60 113 -1 -1 -1 -1 
50 0 60 978 417 21 37 -1 -1 -1 -1 
50 2 61 1386 736 224 188 -1 -1 -1 -1 
50 2 62 1070 725 169 179 -1 -1 -1 -1 
50 0 63 713 583 30 67 -1 -1 -1 -1 
50 0 68 573 622 39 60 -1 -1 -1 -1 
50 0 73 1299 501 30 47 -1 -1 -1 -1 
50 0 75 713 512 31 50 -1 -1 -1 -1 
51 2 2 633 874 225 210 -1 -1 -1 -1 
51 2 3 1233 537 100 78 -1 -1 -1 -1 
51 0 6 1279 643 55 71 -1 -1 -1 -1 
51 0 7 1223 674 51 82 -1 -1 -1 -1 
51 2 8 1133 496 97 118 -1 -1 -1 -1 
51 0 10 1064 596 44 66 -1 -1 -1 -1 
51 0 12 1009 526 35 52 -1 -1 -1 -1 
51 0 13 442 857 72 111 -1 -1 -1 -1 
51 0 14 80 824 100 132 -1 -1 -1 -1 
51 2 15 881 483 75 83 -1 -1 -1 -1 
51 0 17 1127 591 39 62 -1 -1 -1 -1 
51 0 18 1438 613 58 69 -1 -1 -1 -1 
51 2 19 649 458 60 59 -1 -1 -1 -1 
51 0 20 1356 572 46 51 -1 -1 -1 -1 
51 0 22 557 694 53 80 -1 -1 -1 -1 
51 0 23 1093 503 30 48 -1 -1 -1 -1 
51 0 26 655 677 46 75 -1 -1 -1 -1 
51 0 27 738 732 58 93 -1 -1 -1 -1 
51 2 28 1180 450 51 48 -1 -1 -1 -1 
51 2 29 1097 424 43 42 -1 -1 -1 -1 
51 0 30 795 596 37 66 -1 -1 -1 -1 
51 0 31 354 819 72 103 -1 -1 -1 -1 
51 2 32 723 386 37 36 -1 -1 -1 -1 
51 2 33 1053 402 41 39 -1 -1 -1 -1 
51 0 37 732 636 41 65 -1 -1 -1 -1 
51 2 38 1163 380 40 34 -1 -1 -1 -1 
51 0 39 667 560 42 66 -1 -1 -1 -1 
51 2 40 1108 455 49 51 -1 -1 -1 -1 
51 0 41 871 579 36 62 -1 -1 -1 -1 
51 0 42 1004 486 22 43 -1 -1 -1 -1 
51 2 43 1004 438 45 48 -1 -1 -1 -1 
51 0 44 498 614 43 72 -1 -1 -1 -1 
51 2 46 893 374 30 31 -1 -1 -1 -1 
51 0 50 765 528 32 58 -1 -1 -1 -1 
51 0 53 1241 506 27 41 -1 -1 -1 -1 
51 0 56 563 859 64 113 -1 -1 -1 -1 
51 0 60 978 417 20 36 -1 -1 -1 -1 
51 2 61 1383 733 217 184 -1 -1 -1 -1 
51 2 62 1069 721 169 179 -1 -1 -1 -1 
51 0 63 710 585 33 65 -1 -1 -1 -1 
51 0 68 568 625 42 62 -1 -1 -1 -1 
51 0 73 1295 497 31 46 -1 -1 -1 -1 
51 0 75 712 512 30 50 -1 -1 -1 -1 
51 0 79 833 489 27 53 -1 -1 -1 -1 
52 2 2 634 885 222 199 -1 -1 -1 -1 
52 2 3 1229 537 104 76 -1 -1 -1 -1 
52 0 6 1276 638 53 74 -1 -1 -1 -1 
52 0 7 1219 672 49 83 -1 -1 -1 -1 
52 2 8 1131 497 98 115 -1 -1 -1 -1 
52 0 10 1063 594 43 66 -1 -1 -1 -1 
52 0 12 1009 526 34 51 -1 -1 -1 -1 
52 0 13 437 866 69 115 -1 -1 -1 -1 
52 0 14 77 828 99 134 -1 -1 -1 -1 
52 2 15 881 486 75 80 -1 -1 -1 -1 
52 0 17 1125 590 40 62 -1 -1 -1 -1 
52 0 18 1436 612 57 68 -1 -1 -1 -1 
52 2 19 650 459 58 59 -1 -1 -1 -1 
52 0 20 1354 570 47 52 -1 -1 -1 -1 
52 0 22 553 700 55 79 -1 -1 -1 -1 
52 0 23 1093 504 28 46 -1 -1 -1 -1 
52 0 26 655 680 45 75 -1 -1 -1 -1 
52 0 27 736 737 57 94 -1 -1 -1 -1 
52 2 28 1182 451 49 48 -1 -1 -1 -1 
52 2 29 1096 425 44 42 -1 -1 -1 -1 
52 0 30 793 602 40 68 -1 -1 -1 -1 
52 0 31 348 823 68 106 -1 -1 -1 -1 
52 2 32 722 386 39 37 -1 -1 -1 -1 
52 2 33 1054 402 38 37 -1 -1 -1 -1 
52 0 37 732 639 40 67 -1 -1 -1 -1 
52 2 38 1165 381 39 33 -1 -1 -1 -1 
52 0 39 667 564 38 65 -1 -1 -1 -1 
52 2 40 1108 455 48 50 -1 -1 -1 -1 
52 0 41 871 583 37 64 -1 -1 -1 -1 
52 0 42 1003 485 25 43 -1 -1 -1 -1 
52 2 43 1003 439 46 48 -1 -1 -1 -1 
52 0 44 493 617 47 72 -1 -1 -1 -1 
52 2 46 892 375 32 31 -1 -1 -1 -1 
52 0 50 765 532 29 55 -1 -1 -1 -1 
52 0 53 1240 503 28 42 -1 -1 -1 -1 
52 0 56 561 869 62 113 -1 -1 -1 -1 
52 2 61 1379 728 215 182 -1 -1 -1 -1 
52 2 62 1066 717 170 177 -1 -1 -1 -1 
52 0 63 706 589 35 64 -1 -1 -1 -1 
52 0 68 565 629 44 64 -1 -1 -1 -1 
52 0 73 1296 497 30 46 -1 -1 -1 -1 
52 0 75 711 517 31 50 -1 -1 -1 -1 
52 0 79 832 493 27 52 -1 -1 -1 -1 
52 0 84 809 467 24 50 -1 -1 -1 -1 
53 2 2 631 892 223 192 -1 -1 -1 -1 
53 2 3 1234 537 93 75 -1 -1 -1 -1 
53 0 6 1273 635 52 76 -1 -1 -1 -1 
53 0 7 1216 670 50 81 -1 -1 -1 -1 
53 2 8 1129 491 98 121 -1 -1 -1 -1 
53 0 10 1062 592 44 66 -1 -1 -1 -1 
53 0 12 1011 525 32 50 -1 -1 -1 -1 
53 0 13 426 872 75 117 -1 -1 -1 -1 
53 0 14 73 838 98 125 -1 -1 -1 -1 
53 2 15 882 488 74 79 -1 -1 -1 -1 
53 0 17 1124 588 39 63 -1 -1 -1 -1 
53 0 18 1434 615 55 63 -1 -1 -1 -1 
53 2 19 648 459 60 60 -1 -1 -1 -1 
53 0 20 1351 566 51 53 -1 -1 -1 -1 
53 0 22 550 701 54 82 -1 -1 -1 -1 
53 0 23 1092 503 30 47 -1 -1 -1 -1 
53 0 26 649 684 46 81 -1 -1 -1 -1 
53 0 27 733 743 60 93 -1 -1 -1 -1 
53 2 28 1183 450 49 44 -1 -1 -1 -1 
53 2 29 1093 417 43 39 -1 -1 -1 -1 
53 0 30 792 605 39 67 -1 -1 -1 -1 
53 0 31 340 826 73 109 -1 -1 -1 -1 
53 2 32 722 386 40 37 -1 -1 -1 -1 
53 2 33 1053 401 38 37 -1 -1 -1 -1 
53 0 37 730 641 40 67 -1 -1 -1 -1 
53 2 38 1165 382 38 33 -1 -1 -1 -1 
53 0 39 665 566 38 64 -1 -1 -1 -1 
53 2 40 1108 454 47 50 -1 -1 -1 -1 
53 0 41 870 585 40 66 -1 -1 -1 -1 
53 0 42 1004 485 23 41 -1 -1 -1 -1 
53 2 43 1002 437 46 48 -1 -1 -1 -1 
53 0 44 488 622 49 68 -1 -1 -1 -1 
53 2 46 893 375 30 31 -1 -1 -1 -1 
53 0 50 763 535 30 55 -1 -1 -1 -1 
53 0 53 1238 505 29 41 -1 -1 -1 -1 
53 0 56 554 881 63 111 -1 -1 -1 -1 
53 2 61 1375 723 211 180 -1 -1 -1 -1 
53 2 62 1068 712 163 176 -1 -1 -1 -1 
53 0 63 705 593 34 59 -1 -1 -1 -1 
53 0 68 561 633 45 63 -1 -1 -1 -1 
53 0 73 1295 498 30 45 -1 -1 -1 -1 
53 0 75 711 516 30 49 -1 -1 -1 -1 
53 0 79 831 494 28 52 -1 -1 -1 -1 
53 0 84 810 472 23 51 -1 -1 -1 -1 
54 2 2 628 901 227 185 -1 -1 -1 -1 
54 2 3 1234 537 91 72 -1 -1 -1 -1 
54 0 6 1271 637 50 71 -1 -1 -1 -1 
54 0 7 1213 668 55 79 -1 -1 -1 -1 
54 2 8 1131 494 97 117 -1 -1 -1 -1 
54 0 10 1063 589 40 65 -1 -1 -1 -1 
54 0 12 1010 521 33 52 -1 -1 -1 -1 
54 0 13 422 878 74 118 -1 -1 -1 -1 
54 0 14 70 842 97 124 -1 -1 -1 -1 
54 2 15 880 489 75 80 -1 -1 -1 -1 
54 0 17 1121 586 41 63 -1 -1 -1 -1 
54 0 18 1431 613 52 60 -1 -1 -1 -1 
54 2 19 649 460 58 59 -1 -1 -1 -1 
54 0 20 1349 566 46 51 -1 -1 -1 -1 
54 0 22 543 705 57 81 -1 -1 -1 -1 
54 0 23 1092 502 29 46 -1 -1 -1 -1 
54 0 26 644 686 49 83 -1 -1 -1 -1 
54 0 27 730 750 58 92 -1 -1 -1 -1 
54 2 28 1182 449 47 43 -1 -1 -1 -1 
54 2 29 1093 419 41 37 -1 -1 -1 -1 
54 0 30 790 607 42 69 -1 -1 -1 -1 
54 0 31 335 830 72 111 -1 -1 -1 -1 
54 2 32 722 387 38 35 -1 -1 -1 -1 
54 2 33 1054 401 37 38 -1 -1 -1 -1 
54 0 37 729 646 40 66 -1 -1 -1 -1 
54 2 38 1167 383 36 31 -1 -1 -1 -1 
54 0 39 661 567 39 67 -1 -1 -1 -1 
54 2 40 1109 455 43 51 -1 -1 -1 -1 
54 0 41 868 590 39 65 -1 -1 -1 -1 
54 0 42 1004 482 23 42 -1 -1 -1 -1 
54 2 43 999 436 50 49 -1 -1 -1 -1 
54 0 44 485 625 47 68 -1 -1 -1 -1 
54 2 46 892 375 31 31 -1 -1 -1 -1 
54 0 50 762 536 31 57 -1 -1 -1 -1 
54 0 53 1237 505 27 40 -1 -1 -1 -1 
54 0 56 546 885 63 118 -1 -1 -1 -1 
54 2 61 1371 717 210 180 -1 -1 -1 -1 
54 2 62 1068 706 158 176 -1 -1 -1 -1 
54 0 63 703 597 33 59 -1 -1 -1 -1 
54 0 68 557 638 44 62 -1 -1 -1 -1 
54 0 73 1294 497 30 44 -1 -1 -1 -1 
54 0 75 708 517 33 50 -1 -1 -1 -1 
54 0 79 829 498 30 51 -1 -1 -1 -1 
54 0 82 785 508 27 48 -1 -1 -1 -1 
54 0 84 811 471 24 52 -1 -1 -1 -1 
54 0 86 0 885 23 116 -1 -1 -1 -1 
55 2 2 627 904 223 179 -1 -1 -1 -1 
55 2 3 1232 536 90 71 -1 -1 -1 -1 
55 0 6 1268 633 49 73 -1 -1 -1 -1 
55 0 7 1213 663 53 79 -1 -1 -1 -1 
55 2 8 1127 494 99 114 -1 -1 -1 -1 
55 0 10 1061 586 41 66 -1 -1 -1 -1 
55 0 12 1009 520 34 53 -1 -1 -1 -1 
55 0 13 413 888 78 114 -1 -1 -1 -1 
55 0 14 67 845 97 122 -1 -1 -1 -1 
55 2 15 878 489 77 82 -1 -1 -1 -1 
55 0 17 1121 582 39 64 -1 -1 -1 -1 
55 0 18 1429 609 52 62 -1 -1 -1 -1 
55 2 19 647 460 60 61 -1 -1 -1 -1 
55 0 20 1347 559 49 53 -1 -1 -1 -1 
55 0 22 544 709 52 83 -1 -1 -1 -1 
55 0 23 1091 501 30 47 -1 -1 -1 -1 
55 0 26 644 695 46 78 -1 -1 -1 -1 
55 0 27 729 754 55 94 -1 -1 -1 -1 
55 2 28 1179 448 49 46 -1 -1 -1 -1 
55 2 29 1093 420 43 39 -1 -1 -1 -1 
55 0 30 790 610 40 69 -1 -1 -1 -1 
55 0 31 330 841 71 107 -1 -1 -1 -1 
55 2 32 722 387 37 35 -1 -1 -1 -1 
55 2 33 1054 401 37 39 -1 -1 -1 -1 
55 0 37 726 649 40 68 -1 -1 -1 -1 
55 2 38 1168 383 36 32 -1 -1 -1 -1 
55 0 39 660 570 39 68 -1 -1 -1 -1 
55 2 40 1109 456 42 51 -1 -1 -1 -1 
55 0 41 868 595 38 64 -1 -1 -1 -1 
55 0 42 1003 481 24 42 -1 -1 -1 -1 
55 2 43 1001 436 47 47 -1 -1 -1 -1 
55 0 44 478 627 49 74 -1 -1 -1 -1 
55 2 46 891 376 33 32 -1 -1 -1 -1 
55 0 50 760 539 34 56 -1 -1 -1 -1 
55 0 53 1235 504 27 40 -1 -1 -1 -1 
55 0 56 541 893 65 120 -1 -1 -1 -1 
55 2 61 1367 713 207 179 -1 -1 -1 -1 
55 2 62 1067 701 157 175 -1 -1 -1 -1 
55 0 63 701 600 35 61 -1 -1 -1 -1 
55 0 68 554 642 43 61 -1 -1 -1 -1 
55 0 73 1291 498 32 44 -1 -1 -1 -1 
55 0 75 706 520 32 50 -1 -1 -1 -1 
55 0 79 829 500 28 50 -1 -1 -1 -1 
55 0 82 785 511 28 48 -1 -1 -1 -1 
55 0 84 810 478 23 47 -1 -1 -1 -1 
55 0 86 0 889 23 106 -1 -1 -1 -1 
56 2 2 624 909 224 174 -1 -1 -1 -1 
56 2 3 1230 535 89 72 -1 -1 -1 -1 
56 0 6 1264 629 50 73 -1 -1 -1 -1 
56 0 7 1210 658 53 79 -1 -1 -1 -1 
56 2 8 1132 495 92 109 -1 -1 -1 -1 
56 0 10 1058 583 42 67 -1 -1 -1 -1 
56 0 12 1009 518 32 52 -1 -1 -1 -1 
56 0 13 408 901 74 114 -1 -1 -1 -1 
56 0 14 63 847 102 122 -1 -1 -1 -1 
56 2 15 877 490 78 82 -1 -1 -1 -1 
56 0 17 1119 582 40 60 -1 -1 -1 -1 
56 0 18 1424 605 53 63 -1 -1 -1 -1 
56 2 19 646 459 61 63 -1 -1 -1 -1 
56 0 20 1345 560 40 55 -1 -1 -1 -1 
56 0 22 540 711 55 87 -1 -1 -1 -1 
56 0 23 1092 500 28 46 -1 -1 -1 -1 
56 0 26 642 699 46 77 -1 -1 -1 -1 
56 0 27 725 764 58 95 -1 -1 -1 -1 
56 2 28 1178 447 49 47 -1 -1 -1 -1 
56 2 29 1092 419 44 40 -1 -1 -1 -1 
56 0 30 790 613 39 69 -1 -1 -1 -1 
56 0 31 325 848 69 106 -1 -1 -1 -1 
56 2 32 723 387 37 35 -1 -1 -1 -1 
56 2 33 1054 400 37 40 -1 -1 -1 -1 
56 0 37 722 651 41 69 -1 -1 -1 -1 
56 2 38 1167 382 36 33 -1 -1 -1 -1 
56 0 39 660 570 37 68 -1 -1 -1 -1 
56 2 40 1108 455 42 50 -1 -1 -1 -1 
56 0 41 867 598 39 64 -1 -1 -1 -1 
56 0 42 1003 481 23 42 -1 -1 -1 -1 
56 2 43 1001 433 49 48 -1 -1 -1 -1 
56 0 44 473 631 48 75 -1 -1 -1 -1 
56 2 46 891 376 33 32 -1 -1 -1 -1 
56 0 50 758 540 34 56 -1 -1 -1 -1 
56 0 56 534 903 67 120 -1 -1 -1 -1 
56 2 61 1362 708 207 177 -1 -1 -1 -1 
56 2 62 1065 695 158 175 -1 -1 -1 -1 
56 0 63 698 605 35 61 -1 -1 -1 -1 
56 0 68 552 643 41 65 -1 -1 -1 -1 
56 0 73 1291 499 30 42 -1 -1 -1 -1 
56 0 75 706 521 30 49 -1 -1 -1 -1 
56 0 79 829 501 29 48 -1 -1 -1 -1 
56 0 82 783 513 28 47 -1 -1 -1 -1 
57 2 2 620 923 225 160 -1 -1 -1 -1 
57 2 3 1228 534 88 71 -1 -1 -1 -1 
57 0 6 1260 623 50 74 -1 -1 -1 -1 
57 0 7 1204 654 56 81 -1 -1 -1 -1 
57 2 8 1125 487 97 113 -1 -1 -1 -1 
57 0 10 1055 577 43 71 -1 -1 -1 -1 
57 0 12 1009 517 32 52 -1 -1 -1 -1 
57 0 13 404 907 73 115 -1 -1 -1 -1 
57 0 14 60 846 102 128 -1 -1 -1 -1 
57 2 15 876 491 78 84 -1 -1 -1 -1 
57 0 17 1116 581 40 58 -1 -1 -1 -1 
57 0 18 1419 596 57 70 -1 -1 -1 -1 
57 2 19 645 459 62 63 -1 -1 -1 -1 
57 0 20 1342 557 46 57 -1 -1 -1 -1 
57 0 22 534 716 59 90 -1 -1 -1 -1 
57 0 23 1092 498 27 47 -1 -1 -1 -1 
57 0 26 642 701 44 79 -1 -1 -1 -1 
57 0 27 724 768 58 94 -1 -1 -1 -1 
57 2 29 1093 419 44 39 -1 -1 -1 -1 
57 0 30 788 618 39 66 -1 -1 -1 -1 
57 0 31 318 851 72 108 -1 -1 -1 -1 
57 2 32 722 386 38 36 -1 -1 -1 -1 
57 2 33 1052 401 42 39 -1 -1 -1 -1 
57 0 37 721 656 42 70 -1 -1 -1 -1 
57 2 38 1165 382 38 34 -1 -1 -1 -1 
57 0 39 657 572 40 68 -1 -1 -1 -1 
57 2 40 1108 455 41 47 -1 -1 -1 -1 
57 0 41 867 600 40 67 -1 -1 -1 -1 
57 0 42 1002 480 24 42 -1 -1 -1 -1 
57 2 43 1001 434 49 48 -1 -1 -1 -1 
57 0 44 468 635 50 76 -1 -1 -1 -1 
57 2 46 892 376 32 35 -1 -1 -1 -1 
57 0 50 758 543 32 56 -1 -1 -1 -1 
57 0 56 530 917 63 118 -1 -1 -1 -1 
57 2 61 1358 706 201 174 -1 -1 -1 -1 
57 2 62 1063 692 157 172 -1 -1 -1 -1 
57 0 63 696 609 33 62 -1 -1 -1 -1 
57 0 68 549 646 42 66 -1 -1 -1 -1 
57 0 73 1291 497 29 43 -1 -1 -1 -1 
57 0 75 703 522 32 50 -1 -1 -1 -1 
57 0 79 829 505 26 46 -1 -1 -1 -1 
57 0 82 783 513 27 47 -1 -1 -1 -1 
57 0 84 809 475 24 46 -1 -1 -1 -1 
57 0 86 0 889 23 100 -1 -1 -1 -1 
57 2 88 1223 976 238 111 -1 -1 -1 -1 
