51 2 2 633 874 225 210 -1 -1 -1 -1 
51 2 3 1233 537 100 78 -1 -1 -1 -1 
51 0 6 1279 643 55 71 -1 -1 -1 -1 
51 0 7 1223 674 51 82 -1 -1 -1 -1 
51 2 8 1133 496 97 118 -1 -1 -1 -1 
51 0 10 1064 596 44 66 -1 -1 -1 -1 
51 0 12 1009 526 35 52 -1 -1 -1 -1 
51 0 13 442 857 72 111 -1 -1 -1 -1 
51 0 14 80 824 100 132 -1 -1 -1 -1 
51 2 15 881 483 75 83 -1 -1 -1 -1 
51 0 17 1127 591 39 62 -1 -1 -1 -1 
51 0 18 1438 613 58 69 -1 -1 -1 -1 
51 2 19 649 458 60 59 -1 -1 -1 -1 
51 0 20 1356 572 46 51 -1 -1 -1 -1 
51 0 22 557 694 53 80 -1 -1 -1 -1 
51 0 23 1093 503 30 48 -1 -1 -1 -1 
51 0 26 655 677 46 75 -1 -1 -1 -1 
51 0 27 738 732 58 93 -1 -1 -1 -1 
51 2 28 1180 450 51 48 -1 -1 -1 -1 
51 2 29 1097 424 43 42 -1 -1 -1 -1 
51 0 30 795 596 37 66 -1 -1 -1 -1 
51 0 31 354 819 72 103 -1 -1 -1 -1 
51 2 32 723 386 37 36 -1 -1 -1 -1 
51 2 33 1053 402 41 39 -1 -1 -1 -1 
51 0 37 732 636 41 65 -1 -1 -1 -1 
51 2 38 1163 380 40 34 -1 -1 -1 -1 
51 0 39 667 560 42 66 -1 -1 -1 -1 
51 2 40 1108 455 49 51 -1 -1 -1 -1 
51 0 41 871 579 36 62 -1 -1 -1 -1 
51 0 42 1004 486 22 43 -1 -1 -1 -1 
51 2 43 1004 438 45 48 -1 -1 -1 -1 
51 0 44 498 614 43 72 -1 -1 -1 -1 
51 2 46 893 374 30 31 -1 -1 -1 -1 
51 0 50 765 528 32 58 -1 -1 -1 -1 
51 0 53 1241 506 27 41 -1 -1 -1 -1 
51 0 56 563 859 64 113 -1 -1 -1 -1 
51 0 60 978 417 20 36 -1 -1 -1 -1 
51 2 61 1383 733 217 184 -1 -1 -1 -1 
51 2 62 1069 721 169 179 -1 -1 -1 -1 
51 0 63 710 585 33 65 -1 -1 -1 -1 
51 0 68 568 625 42 62 -1 -1 -1 -1 
51 0 73 1295 497 31 46 -1 -1 -1 -1 
51 0 75 712 512 30 50 -1 -1 -1 -1 
51 0 79 833 489 27 53 -1 -1 -1 -1 
52 2 2 634 885 222 199 -1 -1 -1 -1 
52 2 3 1229 537 104 76 -1 -1 -1 -1 
52 0 6 1276 638 53 74 -1 -1 -1 -1 
52 0 7 1219 672 49 83 -1 -1 -1 -1 
52 2 8 1131 497 98 115 -1 -1 -1 -1 
52 0 10 1063 594 43 66 -1 -1 -1 -1 
52 0 12 1009 526 34 51 -1 -1 -1 -1 
52 0 13 437 866 69 115 -1 -1 -1 -1 
52 0 14 77 828 99 134 -1 -1 -1 -1 
52 2 15 881 486 75 80 -1 -1 -1 -1 
52 0 17 1125 590 40 62 -1 -1 -1 -1 
52 0 18 1436 612 57 68 -1 -1 -1 -1 
52 2 19 650 459 58 59 -1 -1 -1 -1 
52 0 20 1354 570 47 52 -1 -1 -1 -1 
52 0 22 553 700 55 79 -1 -1 -1 -1 
52 0 23 1093 504 28 46 -1 -1 -1 -1 
52 0 26 655 680 45 75 -1 -1 -1 -1 
52 0 27 736 737 57 94 -1 -1 -1 -1 
52 2 28 1182 451 49 48 -1 -1 -1 -1 
52 2 29 1096 425 44 42 -1 -1 -1 -1 
52 0 30 793 602 40 68 -1 -1 -1 -1 
52 0 31 348 823 68 106 -1 -1 -1 -1 
52 2 32 722 386 39 37 -1 -1 -1 -1 
52 2 33 1054 402 38 37 -1 -1 -1 -1 
52 0 37 732 639 40 67 -1 -1 -1 -1 
52 2 38 1165 381 39 33 -1 -1 -1 -1 
52 0 39 667 564 38 65 -1 -1 -1 -1 
52 2 40 1108 455 48 50 -1 -1 -1 -1 
52 0 41 871 583 37 64 -1 -1 -1 -1 
52 0 42 1003 485 25 43 -1 -1 -1 -1 
52 2 43 1003 439 46 48 -1 -1 -1 -1 
52 0 44 493 617 47 72 -1 -1 -1 -1 
52 2 46 892 375 32 31 -1 -1 -1 -1 
52 0 50 765 532 29 55 -1 -1 -1 -1 
52 0 53 1240 503 28 42 -1 -1 -1 -1 
52 0 56 561 869 62 113 -1 -1 -1 -1 
52 2 61 1379 728 215 182 -1 -1 -1 -1 
52 2 62 1066 717 170 177 -1 -1 -1 -1 
52 0 63 706 589 35 64 -1 -1 -1 -1 
52 0 68 565 629 44 64 -1 -1 -1 -1 
52 0 73 1296 497 30 46 -1 -1 -1 -1 
52 0 75 711 517 31 50 -1 -1 -1 -1 
52 0 79 832 493 27 52 -1 -1 -1 -1 
52 0 84 809 467 24 50 -1 -1 -1 -1 
53 2 2 631 892 223 192 -1 -1 -1 -1 
53 2 3 1234 537 93 75 -1 -1 -1 -1 
53 0 6 1273 635 52 76 -1 -1 -1 -1 
53 0 7 1216 670 50 81 -1 -1 -1 -1 
53 2 8 1129 491 98 121 -1 -1 -1 -1 
53 0 10 1062 592 44 66 -1 -1 -1 -1 
53 0 12 1011 525 32 50 -1 -1 -1 -1 
53 0 13 426 872 75 117 -1 -1 -1 -1 
53 0 14 73 838 98 125 -1 -1 -1 -1 
53 2 15 882 488 74 79 -1 -1 -1 -1 
53 0 17 1124 588 39 63 -1 -1 -1 -1 
53 0 18 1434 615 55 63 -1 -1 -1 -1 
53 2 19 648 459 60 60 -1 -1 -1 -1 
53 0 20 1351 566 51 53 -1 -1 -1 -1 
53 0 22 550 701 54 82 -1 -1 -1 -1 
53 0 23 1092 503 30 47 -1 -1 -1 -1 
53 0 26 649 684 46 81 -1 -1 -1 -1 
53 0 27 733 743 60 93 -1 -1 -1 -1 
53 2 28 1183 450 49 44 -1 -1 -1 -1 
53 2 29 1093 417 43 39 -1 -1 -1 -1 
53 0 30 792 605 39 67 -1 -1 -1 -1 
53 0 31 340 826 73 109 -1 -1 -1 -1 
53 2 32 722 386 40 37 -1 -1 -1 -1 
53 2 33 1053 401 38 37 -1 -1 -1 -1 
53 0 37 730 641 40 67 -1 -1 -1 -1 
53 2 38 1165 382 38 33 -1 -1 -1 -1 
53 0 39 665 566 38 64 -1 -1 -1 -1 
53 2 40 1108 454 47 50 -1 -1 -1 -1 
53 0 41 870 585 40 66 -1 -1 -1 -1 
53 0 42 1004 485 23 41 -1 -1 -1 -1 
53 2 43 1002 437 46 48 -1 -1 -1 -1 
53 0 44 488 622 49 68 -1 -1 -1 -1 
53 2 46 893 375 30 31 -1 -1 -1 -1 
53 0 50 763 535 30 55 -1 -1 -1 -1 
53 0 53 1238 505 29 41 -1 -1 -1 -1 
53 0 56 554 881 63 111 -1 -1 -1 -1 
53 2 61 1375 723 211 180 -1 -1 -1 -1 
53 2 62 1068 712 163 176 -1 -1 -1 -1 
53 0 63 705 593 34 59 -1 -1 -1 -1 
53 0 68 561 633 45 63 -1 -1 -1 -1 
53 0 73 1295 498 30 45 -1 -1 -1 -1 
53 0 75 711 516 30 49 -1 -1 -1 -1 
53 0 79 831 494 28 52 -1 -1 -1 -1 
53 0 84 810 472 23 51 -1 -1 -1 -1 
54 2 2 628 901 227 185 -1 -1 -1 -1 
54 2 3 1234 537 91 72 -1 -1 -1 -1 
54 0 6 1271 637 50 71 -1 -1 -1 -1 
54 0 7 1213 668 55 79 -1 -1 -1 -1 
54 2 8 1131 494 97 117 -1 -1 -1 -1 
54 0 10 1063 589 40 65 -1 -1 -1 -1 
54 0 12 1010 521 33 52 -1 -1 -1 -1 
54 0 13 422 878 74 118 -1 -1 -1 -1 
54 0 14 70 842 97 124 -1 -1 -1 -1 
54 2 15 880 489 75 80 -1 -1 -1 -1 
54 0 17 1121 586 41 63 -1 -1 -1 -1 
54 0 18 1431 613 52 60 -1 -1 -1 -1 
54 2 19 649 460 58 59 -1 -1 -1 -1 
54 0 20 1349 566 46 51 -1 -1 -1 -1 
54 0 22 543 705 57 81 -1 -1 -1 -1 
54 0 23 1092 502 29 46 -1 -1 -1 -1 
54 0 26 644 686 49 83 -1 -1 -1 -1 
54 0 27 730 750 58 92 -1 -1 -1 -1 
54 2 28 1182 449 47 43 -1 -1 -1 -1 
54 2 29 1093 419 41 37 -1 -1 -1 -1 
54 0 30 790 607 42 69 -1 -1 -1 -1 
54 0 31 335 830 72 111 -1 -1 -1 -1 
54 2 32 722 387 38 35 -1 -1 -1 -1 
54 2 33 1054 401 37 38 -1 -1 -1 -1 
54 0 37 729 646 40 66 -1 -1 -1 -1 
54 2 38 1167 383 36 31 -1 -1 -1 -1 
54 0 39 661 567 39 67 -1 -1 -1 -1 
54 2 40 1109 455 43 51 -1 -1 -1 -1 
54 0 41 868 590 39 65 -1 -1 -1 -1 
54 0 42 1004 482 23 42 -1 -1 -1 -1 
54 2 43 999 436 50 49 -1 -1 -1 -1 
54 0 44 485 625 47 68 -1 -1 -1 -1 
54 2 46 892 375 31 31 -1 -1 -1 -1 
54 0 50 762 536 31 57 -1 -1 -1 -1 
54 0 53 1237 505 27 40 -1 -1 -1 -1 
54 0 56 546 885 63 118 -1 -1 -1 -1 
54 2 61 1371 717 210 180 -1 -1 -1 -1 
54 2 62 1068 706 158 176 -1 -1 -1 -1 
54 0 63 703 597 33 59 -1 -1 -1 -1 
54 0 68 557 638 44 62 -1 -1 -1 -1 
54 0 73 1294 497 30 44 -1 -1 -1 -1 
54 0 75 708 517 33 50 -1 -1 -1 -1 
54 0 79 829 498 30 51 -1 -1 -1 -1 
54 0 82 785 508 27 48 -1 -1 -1 -1 
54 0 84 811 471 24 52 -1 -1 -1 -1 
54 0 86 0 885 23 116 -1 -1 -1 -1 
55 2 2 627 904 223 179 -1 -1 -1 -1 
55 2 3 1232 536 90 71 -1 -1 -1 -1 
55 0 6 1268 633 49 73 -1 -1 -1 -1 
55 0 7 1213 663 53 79 -1 -1 -1 -1 
55 2 8 1127 494 99 114 -1 -1 -1 -1 
55 0 10 1061 586 41 66 -1 -1 -1 -1 
55 0 12 1009 520 34 53 -1 -1 -1 -1 
55 0 13 413 888 78 114 -1 -1 -1 -1 
55 0 14 67 845 97 122 -1 -1 -1 -1 
55 2 15 878 489 77 82 -1 -1 -1 -1 
55 0 17 1121 582 39 64 -1 -1 -1 -1 
55 0 18 1429 609 52 62 -1 -1 -1 -1 
55 2 19 647 460 60 61 -1 -1 -1 -1 
55 0 20 1347 559 49 53 -1 -1 -1 -1 
55 0 22 544 709 52 83 -1 -1 -1 -1 
55 0 23 1091 501 30 47 -1 -1 -1 -1 
55 0 26 644 695 46 78 -1 -1 -1 -1 
55 0 27 729 754 55 94 -1 -1 -1 -1 
55 2 28 1179 448 49 46 -1 -1 -1 -1 
55 2 29 1093 420 43 39 -1 -1 -1 -1 
55 0 30 790 610 40 69 -1 -1 -1 -1 
55 0 31 330 841 71 107 -1 -1 -1 -1 
55 2 32 722 387 37 35 -1 -1 -1 -1 
55 2 33 1054 401 37 39 -1 -1 -1 -1 
55 0 37 726 649 40 68 -1 -1 -1 -1 
55 2 38 1168 383 36 32 -1 -1 -1 -1 
55 0 39 660 570 39 68 -1 -1 -1 -1 
55 2 40 1109 456 42 51 -1 -1 -1 -1 
55 0 41 868 595 38 64 -1 -1 -1 -1 
55 0 42 1003 481 24 42 -1 -1 -1 -1 
55 2 43 1001 436 47 47 -1 -1 -1 -1 
55 0 44 478 627 49 74 -1 -1 -1 -1 
55 2 46 891 376 33 32 -1 -1 -1 -1 
55 0 50 760 539 34 56 -1 -1 -1 -1 
55 0 53 1235 504 27 40 -1 -1 -1 -1 
55 0 56 541 893 65 120 -1 -1 -1 -1 
55 2 61 1367 713 207 179 -1 -1 -1 -1 
55 2 62 1067 701 157 175 -1 -1 -1 -1 
55 0 63 701 600 35 61 -1 -1 -1 -1 
55 0 68 554 642 43 61 -1 -1 -1 -1 
55 0 73 1291 498 32 44 -1 -1 -1 -1 
55 0 75 706 520 32 50 -1 -1 -1 -1 
55 0 79 829 500 28 50 -1 -1 -1 -1 
55 0 82 785 511 28 48 -1 -1 -1 -1 
55 0 84 810 478 23 47 -1 -1 -1 -1 
55 0 86 0 889 23 106 -1 -1 -1 -1 
56 2 2 624 909 224 174 -1 -1 -1 -1 
56 2 3 1230 535 89 72 -1 -1 -1 -1 
56 0 6 1264 629 50 73 -1 -1 -1 -1 
56 0 7 1210 658 53 79 -1 -1 -1 -1 
56 2 8 1132 495 92 109 -1 -1 -1 -1 
56 0 10 1058 583 42 67 -1 -1 -1 -1 
56 0 12 1009 518 32 52 -1 -1 -1 -1 
56 0 13 408 901 74 114 -1 -1 -1 -1 
56 0 14 63 847 102 122 -1 -1 -1 -1 
56 2 15 877 490 78 82 -1 -1 -1 -1 
56 0 17 1119 582 40 60 -1 -1 -1 -1 
56 0 18 1424 605 53 63 -1 -1 -1 -1 
56 2 19 646 459 61 63 -1 -1 -1 -1 
56 0 20 1345 560 40 55 -1 -1 -1 -1 
56 0 22 540 711 55 87 -1 -1 -1 -1 
56 0 23 1092 500 28 46 -1 -1 -1 -1 
56 0 26 642 699 46 77 -1 -1 -1 -1 
56 0 27 725 764 58 95 -1 -1 -1 -1 
56 2 28 1178 447 49 47 -1 -1 -1 -1 
56 2 29 1092 419 44 40 -1 -1 -1 -1 
56 0 30 790 613 39 69 -1 -1 -1 -1 
56 0 31 325 848 69 106 -1 -1 -1 -1 
56 2 32 723 387 37 35 -1 -1 -1 -1 
56 2 33 1054 400 37 40 -1 -1 -1 -1 
56 0 37 722 651 41 69 -1 -1 -1 -1 
56 2 38 1167 382 36 33 -1 -1 -1 -1 
56 0 39 660 570 37 68 -1 -1 -1 -1 
56 2 40 1108 455 42 50 -1 -1 -1 -1 
56 0 41 867 598 39 64 -1 -1 -1 -1 
56 0 42 1003 481 23 42 -1 -1 -1 -1 
56 2 43 1001 433 49 48 -1 -1 -1 -1 
56 0 44 473 631 48 75 -1 -1 -1 -1 
56 2 46 891 376 33 32 -1 -1 -1 -1 
56 0 50 758 540 34 56 -1 -1 -1 -1 
56 0 56 534 903 67 120 -1 -1 -1 -1 
56 2 61 1362 708 207 177 -1 -1 -1 -1 
56 2 62 1065 695 158 175 -1 -1 -1 -1 
56 0 63 698 605 35 61 -1 -1 -1 -1 
56 0 68 552 643 41 65 -1 -1 -1 -1 
56 0 73 1291 499 30 42 -1 -1 -1 -1 
56 0 75 706 521 30 49 -1 -1 -1 -1 
56 0 79 829 501 29 48 -1 -1 -1 -1 
56 0 82 783 513 28 47 -1 -1 -1 -1 
57 2 2 620 923 225 160 -1 -1 -1 -1 
57 2 3 1228 534 88 71 -1 -1 -1 -1 
57 0 6 1260 623 50 74 -1 -1 -1 -1 
57 0 7 1204 654 56 81 -1 -1 -1 -1 
57 2 8 1125 487 97 113 -1 -1 -1 -1 
57 0 10 1055 577 43 71 -1 -1 -1 -1 
57 0 12 1009 517 32 52 -1 -1 -1 -1 
57 0 13 404 907 73 115 -1 -1 -1 -1 
57 0 14 60 846 102 128 -1 -1 -1 -1 
57 2 15 876 491 78 84 -1 -1 -1 -1 
57 0 17 1116 581 40 58 -1 -1 -1 -1 
57 0 18 1419 596 57 70 -1 -1 -1 -1 
57 2 19 645 459 62 63 -1 -1 -1 -1 
57 0 20 1342 557 46 57 -1 -1 -1 -1 
57 0 22 534 716 59 90 -1 -1 -1 -1 
57 0 23 1092 498 27 47 -1 -1 -1 -1 
57 0 26 642 701 44 79 -1 -1 -1 -1 
57 0 27 724 768 58 94 -1 -1 -1 -1 
57 2 29 1093 419 44 39 -1 -1 -1 -1 
57 0 30 788 618 39 66 -1 -1 -1 -1 
57 0 31 318 851 72 108 -1 -1 -1 -1 
57 2 32 722 386 38 36 -1 -1 -1 -1 
57 2 33 1052 401 42 39 -1 -1 -1 -1 
57 0 37 721 656 42 70 -1 -1 -1 -1 
57 2 38 1165 382 38 34 -1 -1 -1 -1 
57 0 39 657 572 40 68 -1 -1 -1 -1 
57 2 40 1108 455 41 47 -1 -1 -1 -1 
57 0 41 867 600 40 67 -1 -1 -1 -1 
57 0 42 1002 480 24 42 -1 -1 -1 -1 
57 2 43 1001 434 49 48 -1 -1 -1 -1 
57 0 44 468 635 50 76 -1 -1 -1 -1 
57 2 46 892 376 32 35 -1 -1 -1 -1 
57 0 50 758 543 32 56 -1 -1 -1 -1 
57 0 56 530 917 63 118 -1 -1 -1 -1 
57 2 61 1358 706 201 174 -1 -1 -1 -1 
57 2 62 1063 692 157 172 -1 -1 -1 -1 
57 0 63 696 609 33 62 -1 -1 -1 -1 
57 0 68 549 646 42 66 -1 -1 -1 -1 
57 0 73 1291 497 29 43 -1 -1 -1 -1 
57 0 75 703 522 32 50 -1 -1 -1 -1 
57 0 79 829 505 26 46 -1 -1 -1 -1 
57 0 82 783 513 27 47 -1 -1 -1 -1 
57 0 84 809 475 24 46 -1 -1 -1 -1 
57 0 86 0 889 23 100 -1 -1 -1 -1 
57 2 88 1223 976 238 111 -1 -1 -1 -1 
