81 3 1 1584 381 86 67 -1 -1 -1 -1 
81 3 2 1224 407 101 65 -1 -1 -1 -1 
81 3 4 921 425 111 89 -1 -1 -1 -1 
81 2 6 330 475 178 91 -1 -1 -1 -1 
81 0 8 179 546 35 84 -1 -1 -1 -1 
82 3 1 1600 379 77 68 -1 -1 -1 -1 
82 3 2 1235 405 103 66 -1 -1 -1 -1 
82 3 4 932 437 120 77 -1 -1 -1 -1 
82 2 6 336 473 181 94 -1 -1 -1 -1 
82 0 8 179 546 36 84 -1 -1 -1 -1 
83 3 1 1606 378 81 68 -1 -1 -1 -1 
83 3 2 1247 404 105 67 -1 -1 -1 -1 
83 3 4 946 432 114 80 -1 -1 -1 -1 
83 2 6 346 471 180 96 -1 -1 -1 -1 
84 3 1 1616 376 83 70 -1 -1 -1 -1 
84 3 2 1264 405 100 63 -1 -1 -1 -1 
84 3 4 958 428 115 84 -1 -1 -1 -1 
84 2 6 357 465 177 98 -1 -1 -1 -1 
85 3 1 1631 374 79 70 -1 -1 -1 -1 
85 3 2 1277 410 99 58 -1 -1 -1 -1 
85 3 4 972 438 117 74 -1 -1 -1 -1 
85 2 6 364 462 185 101 -1 -1 -1 -1 
85 0 8 179 545 36 85 -1 -1 -1 -1 
86 3 1 1641 372 76 69 -1 -1 -1 -1 
86 3 2 1294 381 92 80 -1 -1 -1 -1 
86 3 4 984 429 116 80 -1 -1 -1 -1 
86 2 6 374 463 185 97 -1 -1 -1 -1 
86 0 8 180 545 34 85 -1 -1 -1 -1 
87 3 1 1648 377 79 66 -1 -1 -1 -1 
87 3 2 1304 380 95 81 -1 -1 -1 -1 
87 3 4 997 429 116 80 -1 -1 -1 -1 
87 2 6 382 463 186 97 -1 -1 -1 -1 
87 0 8 180 546 34 84 -1 -1 -1 -1 
88 3 1 1663 375 74 66 -1 -1 -1 -1 
88 3 2 1317 376 93 83 -1 -1 -1 -1 
88 3 4 1009 426 114 82 -1 -1 -1 -1 
88 2 6 392 462 185 97 -1 -1 -1 -1 
88 0 8 179 545 37 85 -1 -1 -1 -1 
89 3 1 1671 376 76 60 -1 -1 -1 -1 
89 3 2 1325 394 100 66 -1 -1 -1 -1 
89 3 4 1020 424 117 84 -1 -1 -1 -1 
90 3 1 1681 377 77 60 -1 -1 -1 -1 
90 3 2 1341 375 93 81 -1 -1 -1 -1 
90 3 4 1034 421 117 84 -1 -1 -1 -1 
90 2 6 408 460 192 97 -1 -1 -1 -1 
91 3 1 1691 376 73 58 -1 -1 -1 -1 
91 3 2 1354 371 94 88 -1 -1 -1 -1 
91 3 4 1049 417 116 86 -1 -1 -1 -1 
91 2 6 417 458 190 97 -1 -1 -1 -1 
92 3 1 1701 375 71 59 -1 -1 -1 -1 
92 3 2 1364 370 99 87 -1 -1 -1 -1 
92 3 4 1060 417 116 86 -1 -1 -1 -1 
92 2 6 426 454 191 102 -1 -1 -1 -1 
93 3 1 1711 373 71 60 -1 -1 -1 -1 
93 3 2 1382 375 93 79 -1 -1 -1 -1 
93 3 4 1072 434 124 71 -1 -1 -1 -1 
93 2 6 435 450 194 104 -1 -1 -1 -1 
94 3 1 1719 374 72 58 -1 -1 -1 -1 
94 3 2 1390 376 96 77 -1 -1 -1 -1 
94 3 4 1088 424 113 75 -1 -1 -1 -1 
94 2 6 444 450 196 100 -1 -1 -1 -1 
95 3 1 1730 375 68 56 -1 -1 -1 -1 
95 3 2 1406 380 91 74 -1 -1 -1 -1 
95 3 4 1100 425 115 76 -1 -1 -1 -1 
95 2 6 454 453 198 97 -1 -1 -1 -1 
96 3 1 1740 374 66 57 -1 -1 -1 -1 
96 3 2 1416 381 92 71 -1 -1 -1 -1 
96 3 4 1115 417 112 80 -1 -1 -1 -1 
96 2 6 466 451 192 97 -1 -1 -1 -1 
97 3 1 1750 375 63 55 -1 -1 -1 -1 
97 3 2 1432 379 90 70 -1 -1 -1 -1 
97 3 4 1126 424 118 73 -1 -1 -1 -1 
97 2 6 469 449 204 107 -1 -1 -1 -1 
98 3 1 1757 373 66 56 -1 -1 -1 -1 
98 3 2 1444 378 87 69 -1 -1 -1 -1 
98 3 4 1142 423 115 73 -1 -1 -1 -1 
98 2 6 480 445 204 103 -1 -1 -1 -1 
99 3 1 1767 374 67 56 -1 -1 -1 -1 
99 3 2 1456 383 85 68 -1 -1 -1 -1 
99 3 4 1156 419 109 76 -1 -1 -1 -1 
99 2 6 492 447 204 105 -1 -1 -1 -1 
100 3 1 1776 371 63 57 -1 -1 -1 -1 
100 3 2 1468 367 88 79 -1 -1 -1 -1 
100 3 4 1167 417 109 76 -1 -1 -1 -1 
100 2 6 504 441 202 105 -1 -1 -1 -1 
100 0 8 178 543 43 90 -1 -1 -1 -1 
101 3 1 1784 370 63 57 -1 -1 -1 -1 
101 3 2 1483 369 85 78 -1 -1 -1 -1 
101 3 4 1181 425 113 70 -1 -1 -1 -1 
101 2 6 518 440 195 104 -1 -1 -1 -1 
101 0 8 178 541 34 89 -1 -1 -1 -1 
102 3 1 1792 372 67 56 -1 -1 -1 -1 
102 3 2 1496 368 85 78 -1 -1 -1 -1 
102 3 4 1196 419 109 74 -1 -1 -1 -1 
102 2 6 522 438 203 105 -1 -1 -1 -1 
102 0 8 178 542 35 89 -1 -1 -1 -1 
103 3 1 1802 368 62 59 -1 -1 -1 -1 
103 3 2 1504 380 82 68 -1 -1 -1 -1 
103 3 4 1207 423 109 70 -1 -1 -1 -1 
103 2 6 532 438 205 104 -1 -1 -1 -1 
103 0 8 178 541 35 89 -1 -1 -1 -1 
103 3 9 239 514 91 64 -1 -1 -1 -1 
104 3 1 1811 367 62 60 -1 -1 -1 -1 
104 3 2 1509 379 88 68 -1 -1 -1 -1 
104 3 4 1220 419 111 71 -1 -1 -1 -1 
104 2 6 543 436 208 104 -1 -1 -1 -1 
104 0 8 177 541 37 89 -1 -1 -1 -1 
105 3 1 1819 364 61 62 -1 -1 -1 -1 
105 3 2 1521 379 88 67 -1 -1 -1 -1 
105 3 4 1235 420 109 70 -1 -1 -1 -1 
105 2 6 553 435 204 103 -1 -1 -1 -1 
105 0 8 178 541 35 88 -1 -1 -1 -1 
105 3 9 263 507 86 69 -1 -1 -1 -1 
106 3 1 1825 367 63 58 -1 -1 -1 -1 
106 3 2 1537 372 80 67 -1 -1 -1 -1 
106 3 4 1249 414 106 76 -1 -1 -1 -1 
106 2 6 563 434 208 103 -1 -1 -1 -1 
106 0 8 179 543 33 86 -1 -1 -1 -1 
106 3 9 271 505 87 70 -1 -1 -1 -1 
107 3 1 1835 365 58 60 -1 -1 -1 -1 
107 3 2 1548 370 81 67 -1 -1 -1 -1 
107 3 4 1261 422 104 66 -1 -1 -1 -1 
107 2 6 571 434 213 100 -1 -1 -1 -1 
107 0 8 180 542 31 85 -1 -1 -1 -1 
108 3 1 1843 364 59 61 -1 -1 -1 -1 
108 3 2 1560 367 80 68 -1 -1 -1 -1 
108 3 4 1274 419 108 66 -1 -1 -1 -1 
108 2 6 587 431 206 104 -1 -1 -1 -1 
108 0 8 179 543 34 85 -1 -1 -1 -1 
109 3 1 1849 361 59 61 -1 -1 -1 -1 
109 3 2 1570 364 80 70 -1 -1 -1 -1 
109 3 4 1289 424 100 61 -1 -1 -1 -1 
109 2 6 596 432 205 100 -1 -1 -1 -1 
109 0 8 179 543 37 85 -1 -1 -1 -1 
109 3 9 302 494 88 73 -1 -1 -1 -1 
110 3 1 1858 365 58 57 -1 -1 -1 -1 
110 3 2 1578 372 84 60 -1 -1 -1 -1 
110 3 4 1303 412 101 73 -1 -1 -1 -1 
110 2 6 607 428 208 101 -1 -1 -1 -1 
110 0 8 179 545 37 84 -1 -1 -1 -1 
110 3 9 313 500 88 68 -1 -1 -1 -1 
111 3 1 1867 365 52 56 -1 -1 -1 -1 
111 3 2 1593 367 74 66 -1 -1 -1 -1 
111 3 4 1312 408 100 75 -1 -1 -1 -1 
111 2 6 618 430 205 99 -1 -1 -1 -1 
111 0 8 179 548 36 82 -1 -1 -1 -1 
112 3 2 1603 367 76 62 -1 -1 -1 -1 
112 3 4 1324 414 107 68 -1 -1 -1 -1 
112 2 6 628 430 206 98 -1 -1 -1 -1 
112 0 8 180 549 35 81 -1 -1 -1 -1 
