401 2 22 1806 225 45 43 -1 -1 -1 -1 
401 3 30 480 473 91 61 -1 -1 -1 -1 
401 2 37 424 584 205 266 -1 -1 -1 -1 
401 3 39 1085 395 106 76 -1 -1 -1 -1 
402 2 22 1807 225 42 42 -1 -1 -1 -1 
402 1 30 492 470 95 63 -1 -1 -1 -1 
402 2 37 418 586 209 275 -1 -1 -1 -1 
402 3 39 1105 403 105 67 -1 -1 -1 -1 
403 2 22 1808 223 41 42 -1 -1 -1 -1 
403 3 30 502 467 95 63 -1 -1 -1 -1 
403 2 37 408 592 220 280 -1 -1 -1 -1 
403 3 39 1128 400 102 67 -1 -1 -1 -1 
404 2 22 1809 223 40 42 -1 -1 -1 -1 
404 3 30 515 467 92 59 -1 -1 -1 -1 
404 2 37 403 597 221 284 -1 -1 -1 -1 
404 3 39 1148 388 99 75 -1 -1 -1 -1 
405 2 22 1808 223 41 42 -1 -1 -1 -1 
405 3 30 529 467 92 58 -1 -1 -1 -1 
405 2 37 400 601 224 291 -1 -1 -1 -1 
405 3 39 1169 393 102 73 -1 -1 -1 -1 
406 2 22 1808 221 42 43 -1 -1 -1 -1 
406 3 30 542 459 95 61 -1 -1 -1 -1 
406 2 37 394 603 228 297 -1 -1 -1 -1 
406 3 39 1191 392 99 69 -1 -1 -1 -1 
407 2 22 1809 221 40 42 -1 -1 -1 -1 
407 3 30 552 458 96 62 -1 -1 -1 -1 
407 2 37 385 608 236 302 -1 -1 -1 -1 
407 3 39 1206 383 100 76 -1 -1 -1 -1 
408 2 22 1808 221 42 43 -1 -1 -1 -1 
408 3 30 566 456 95 61 -1 -1 -1 -1 
408 2 37 377 614 240 305 -1 -1 -1 -1 
408 3 39 1226 383 100 76 -1 -1 -1 -1 
409 2 22 1809 221 40 42 -1 -1 -1 -1 
409 3 30 579 448 96 68 -1 -1 -1 -1 
409 2 37 369 621 250 311 -1 -1 -1 -1 
409 3 39 1248 378 95 76 -1 -1 -1 -1 
410 2 22 1809 221 41 42 -1 -1 -1 -1 
410 3 30 590 449 98 65 -1 -1 -1 -1 
410 2 37 362 626 257 318 -1 -1 -1 -1 
411 2 22 1809 221 41 41 -1 -1 -1 -1 
411 3 30 602 446 100 65 -1 -1 -1 -1 
411 2 37 351 631 266 324 -1 -1 -1 -1 
411 3 39 1290 376 91 74 -1 -1 -1 -1 
412 2 22 1810 221 40 40 -1 -1 -1 -1 
412 3 30 617 444 99 64 -1 -1 -1 -1 
412 2 37 341 639 272 327 -1 -1 -1 -1 
413 3 30 628 444 98 63 -1 -1 -1 -1 
413 2 37 332 646 276 332 -1 -1 -1 -1 
413 3 39 1324 367 92 79 -1 -1 -1 -1 
414 3 30 641 438 97 66 -1 -1 -1 -1 
414 2 37 322 651 285 338 -1 -1 -1 -1 
414 3 39 1343 377 93 68 -1 -1 -1 -1 
415 3 30 655 434 100 68 -1 -1 -1 -1 
415 2 37 313 656 291 349 -1 -1 -1 -1 
415 3 39 1362 376 90 71 -1 -1 -1 -1 
416 3 30 665 435 102 65 -1 -1 -1 -1 
416 2 37 300 666 304 354 -1 -1 -1 -1 
416 3 39 1386 369 84 72 -1 -1 -1 -1 
417 3 30 684 435 94 64 -1 -1 -1 -1 
417 2 37 288 674 313 359 -1 -1 -1 -1 
418 3 30 694 434 97 64 -1 -1 -1 -1 
418 2 37 278 677 318 367 -1 -1 -1 -1 
418 3 39 1417 365 87 74 -1 -1 -1 -1 
419 3 30 707 435 99 58 -1 -1 -1 -1 
419 2 37 266 684 326 370 -1 -1 -1 -1 
419 3 39 1434 372 90 63 -1 -1 -1 -1 
420 3 30 719 423 95 72 -1 -1 -1 -1 
420 2 37 253 692 330 374 -1 -1 -1 -1 
420 3 39 1452 376 84 59 -1 -1 -1 -1 
421 3 30 734 428 101 63 -1 -1 -1 -1 
421 2 37 241 700 337 372 -1 -1 -1 -1 
421 3 39 1468 374 84 57 -1 -1 -1 -1 
422 3 30 746 426 98 64 -1 -1 -1 -1 
422 2 37 225 708 348 366 -1 -1 -1 -1 
422 3 39 1488 372 84 58 -1 -1 -1 -1 
423 3 30 761 422 97 63 -1 -1 -1 -1 
423 2 37 214 716 356 357 -1 -1 -1 -1 
423 3 39 1503 372 82 57 -1 -1 -1 -1 
424 3 30 772 426 94 59 -1 -1 -1 -1 
424 2 37 200 724 363 349 -1 -1 -1 -1 
424 3 39 1519 373 82 55 -1 -1 -1 -1 
425 3 30 790 416 93 65 -1 -1 -1 -1 
425 2 37 186 735 370 343 -1 -1 -1 -1 
425 3 39 1537 368 81 57 -1 -1 -1 -1 
426 1 30 803 416 93 61 -1 -1 -1 -1 
426 2 37 176 743 376 335 -1 -1 -1 -1 
426 3 39 1553 368 78 57 -1 -1 -1 -1 
427 3 30 813 416 97 60 -1 -1 -1 -1 
427 2 37 160 751 381 328 -1 -1 -1 -1 
427 3 39 1570 363 74 63 -1 -1 -1 -1 
428 3 30 826 415 95 60 -1 -1 -1 -1 
428 2 37 146 761 384 318 -1 -1 -1 -1 
428 3 39 1582 369 81 55 -1 -1 -1 -1 
429 3 30 835 409 98 63 -1 -1 -1 -1 
429 2 37 138 769 382 307 -1 -1 -1 -1 
429 3 39 1603 361 71 61 -1 -1 -1 -1 
430 3 30 849 402 97 69 -1 -1 -1 -1 
430 2 37 126 783 390 295 -1 -1 -1 -1 
430 3 39 1615 362 72 61 -1 -1 -1 -1 
431 3 30 862 398 97 71 -1 -1 -1 -1 
431 2 37 125 798 384 277 -1 -1 -1 -1 
431 3 39 1630 362 72 60 -1 -1 -1 -1 
432 3 30 874 400 98 66 -1 -1 -1 -1 
432 2 37 112 806 387 269 -1 -1 -1 -1 
432 3 39 1647 347 68 69 -1 -1 -1 -1 
433 3 30 887 400 98 66 -1 -1 -1 -1 
433 2 37 97 814 392 261 -1 -1 -1 -1 
433 3 39 1658 360 69 58 -1 -1 -1 -1 
434 3 30 899 400 101 64 -1 -1 -1 -1 
434 2 37 88 826 390 250 -1 -1 -1 -1 
434 3 39 1674 354 69 58 -1 -1 -1 -1 
435 3 30 912 399 101 62 -1 -1 -1 -1 
435 2 37 79 837 386 238 -1 -1 -1 -1 
435 3 39 1687 349 68 62 -1 -1 -1 -1 
436 3 30 926 394 95 63 -1 -1 -1 -1 
436 2 37 64 847 389 228 -1 -1 -1 -1 
436 3 39 1700 349 68 63 -1 -1 -1 -1 
437 3 30 936 395 99 63 -1 -1 -1 -1 
437 2 37 62 860 380 216 -1 -1 -1 -1 
437 3 39 1715 357 64 53 -1 -1 -1 -1 
438 3 30 953 394 97 61 -1 -1 -1 -1 
438 2 37 48 872 382 205 -1 -1 -1 -1 
438 3 39 1726 356 65 53 -1 -1 -1 -1 
439 3 30 966 393 97 60 -1 -1 -1 -1 
439 2 37 29 881 392 196 -1 -1 -1 -1 
440 3 30 977 383 95 68 -1 -1 -1 -1 
440 2 37 18 895 386 184 -1 -1 -1 -1 
440 3 39 1752 349 63 57 -1 -1 -1 -1 
441 3 30 985 385 101 65 -1 -1 -1 -1 
441 2 37 8 909 378 170 -1 -1 -1 -1 
441 3 39 1765 353 61 54 -1 -1 -1 -1 
442 3 30 1003 383 94 65 -1 -1 -1 -1 
442 2 37 4 920 368 159 -1 -1 -1 -1 
442 3 39 1777 352 59 53 -1 -1 -1 -1 
443 3 30 1014 382 96 65 -1 -1 -1 -1 
443 2 37 1 932 352 147 -1 -1 -1 -1 
444 3 30 1028 382 94 63 -1 -1 -1 -1 
444 3 39 1800 355 60 52 -1 -1 -1 -1 
445 3 30 1041 381 90 62 -1 -1 -1 -1 
445 3 39 1813 355 60 51 -1 -1 -1 -1 
446 3 30 1053 378 91 65 -1 -1 -1 -1 
