3 3 1 575 465 107 81 -1 -1 -1 -1 
4 3 1 589 462 106 83 -1 -1 -1 -1 
5 3 1 597 467 110 78 -1 -1 -1 -1 
5 3 2 359 496 92 76 -1 -1 -1 -1 
6 3 1 615 463 103 79 -1 -1 -1 -1 
6 3 2 370 505 89 65 -1 -1 -1 -1 
7 3 1 622 464 109 80 -1 -1 -1 -1 
7 3 2 377 502 89 67 -1 -1 -1 -1 
8 3 1 637 452 106 89 -1 -1 -1 -1 
9 3 1 643 449 113 93 -1 -1 -1 -1 
9 3 2 395 493 91 72 -1 -1 -1 -1 
10 3 1 659 451 107 88 -1 -1 -1 -1 
10 3 2 402 492 93 74 -1 -1 -1 -1 
11 3 1 667 449 112 89 -1 -1 -1 -1 
11 3 2 411 496 94 67 -1 -1 -1 -1 
12 3 1 683 444 111 89 -1 -1 -1 -1 
12 3 2 426 487 85 74 -1 -1 -1 -1 
13 3 1 692 450 114 84 -1 -1 -1 -1 
13 3 2 430 484 91 75 -1 -1 -1 -1 
14 3 1 707 442 109 91 -1 -1 -1 -1 
14 3 2 437 482 95 76 -1 -1 -1 -1 
14 3 4 245 522 84 69 -1 -1 -1 -1 
15 3 1 716 441 114 92 -1 -1 -1 -1 
15 3 2 443 481 97 77 -1 -1 -1 -1 
15 3 4 255 518 79 69 -1 -1 -1 -1 
16 3 1 733 442 109 87 -1 -1 -1 -1 
16 3 2 453 481 97 76 -1 -1 -1 -1 
16 3 4 260 516 80 70 -1 -1 -1 -1 
17 3 1 742 442 114 87 -1 -1 -1 -1 
17 3 2 462 482 98 74 -1 -1 -1 -1 
17 3 4 265 520 89 68 -1 -1 -1 -1 
18 3 1 754 443 112 85 -1 -1 -1 -1 
18 3 2 475 487 93 67 -1 -1 -1 -1 
18 3 4 278 519 83 66 -1 -1 -1 -1 
19 3 1 767 443 113 83 -1 -1 -1 -1 
19 3 2 483 474 96 77 -1 -1 -1 -1 
19 3 4 286 518 82 67 -1 -1 -1 -1 
20 3 1 780 443 114 81 -1 -1 -1 -1 
20 3 2 490 479 99 75 -1 -1 -1 -1 
20 3 4 292 522 88 63 -1 -1 -1 -1 
21 3 1 790 446 117 77 -1 -1 -1 -1 
21 3 2 501 476 97 74 -1 -1 -1 -1 
21 3 4 301 522 83 61 -1 -1 -1 -1 
22 3 1 804 435 116 85 -1 -1 -1 -1 
22 3 2 516 471 97 77 -1 -1 -1 -1 
22 3 4 310 516 83 65 -1 -1 -1 -1 
23 3 1 819 439 115 82 -1 -1 -1 -1 
23 3 2 521 473 99 76 -1 -1 -1 -1 
23 3 4 313 519 92 62 -1 -1 -1 -1 
24 3 1 833 442 114 79 -1 -1 -1 -1 
24 3 2 532 468 98 77 -1 -1 -1 -1 
24 3 4 324 518 87 60 -1 -1 -1 -1 
25 3 1 845 443 116 77 -1 -1 -1 -1 
25 3 2 542 468 98 78 -1 -1 -1 -1 
25 3 4 333 514 85 63 -1 -1 -1 -1 
26 3 1 856 434 114 83 -1 -1 -1 -1 
26 3 2 552 461 98 83 -1 -1 -1 -1 
26 3 4 339 515 91 64 -1 -1 -1 -1 
27 3 1 873 438 112 77 -1 -1 -1 -1 
27 3 2 564 460 99 82 -1 -1 -1 -1 
27 3 4 347 519 89 57 -1 -1 -1 -1 
28 3 1 883 439 117 77 -1 -1 -1 -1 
28 3 2 573 461 99 81 -1 -1 -1 -1 
28 3 4 356 502 90 75 -1 -1 -1 -1 
29 3 1 896 439 117 75 -1 -1 -1 -1 
29 3 2 584 458 99 81 -1 -1 -1 -1 
30 3 1 910 432 117 80 -1 -1 -1 -1 
30 3 2 591 468 102 72 -1 -1 -1 -1 
30 3 4 372 514 95 60 -1 -1 -1 -1 
31 3 1 926 425 114 85 -1 -1 -1 -1 
31 3 2 607 457 96 78 -1 -1 -1 -1 
31 3 4 383 508 90 64 -1 -1 -1 -1 
32 3 1 942 427 115 82 -1 -1 -1 -1 
32 3 2 614 463 102 74 -1 -1 -1 -1 
32 3 4 391 506 95 65 -1 -1 -1 -1 
33 3 1 954 422 113 85 -1 -1 -1 -1 
33 3 2 624 459 103 76 -1 -1 -1 -1 
33 3 4 398 493 93 77 -1 -1 -1 -1 
34 3 1 970 416 111 88 -1 -1 -1 -1 
34 3 2 636 455 100 78 -1 -1 -1 -1 
34 3 4 407 495 93 74 -1 -1 -1 -1 
35 3 1 981 426 117 78 -1 -1 -1 -1 
35 3 2 644 458 104 74 -1 -1 -1 -1 
35 3 4 418 498 92 71 -1 -1 -1 -1 
36 3 1 995 418 114 83 -1 -1 -1 -1 
36 3 2 655 445 105 85 -1 -1 -1 -1 
36 3 4 428 489 94 77 -1 -1 -1 -1 
37 3 1 1006 423 118 81 -1 -1 -1 -1 
37 3 2 661 461 110 70 -1 -1 -1 -1 
37 3 4 433 485 99 80 -1 -1 -1 -1 
38 3 1 1025 416 110 82 -1 -1 -1 -1 
38 3 2 677 449 104 79 -1 -1 -1 -1 
38 3 4 445 490 95 76 -1 -1 -1 -1 
39 3 1 1038 418 115 80 -1 -1 -1 -1 
39 3 2 689 445 107 83 -1 -1 -1 -1 
39 3 4 454 487 95 77 -1 -1 -1 -1 
40 3 1 1052 417 112 80 -1 -1 -1 -1 
40 3 2 697 445 111 82 -1 -1 -1 -1 
40 3 4 462 488 99 76 -1 -1 -1 -1 
41 3 1 1068 410 109 84 -1 -1 -1 -1 
41 3 2 707 447 110 79 -1 -1 -1 -1 
41 3 4 474 485 97 76 -1 -1 -1 -1 
42 3 1 1081 417 110 79 -1 -1 -1 -1 
42 3 2 724 438 105 85 -1 -1 -1 -1 
42 3 4 481 479 99 80 -1 -1 -1 -1 
43 3 1 1095 409 112 84 -1 -1 -1 -1 
43 3 2 735 446 107 78 -1 -1 -1 -1 
43 3 4 493 491 98 69 -1 -1 -1 -1 
44 3 1 1107 401 113 92 -1 -1 -1 -1 
44 3 2 744 441 111 80 -1 -1 -1 -1 
44 3 4 502 489 95 69 -1 -1 -1 -1 
45 3 1 1124 404 108 88 -1 -1 -1 -1 
45 3 2 754 446 111 74 -1 -1 -1 -1 
45 3 4 514 483 98 72 -1 -1 -1 -1 
46 3 1 1130 404 122 87 -1 -1 -1 -1 
46 3 2 770 440 106 79 -1 -1 -1 -1 
46 3 4 522 478 97 75 -1 -1 -1 -1 
47 3 1 1146 400 116 91 -1 -1 -1 -1 
47 3 2 781 446 111 74 -1 -1 -1 -1 
47 3 4 530 476 103 78 -1 -1 -1 -1 
48 3 1 1158 396 117 92 -1 -1 -1 -1 
48 3 2 791 447 112 71 -1 -1 -1 -1 
48 3 4 540 468 101 85 -1 -1 -1 -1 
49 3 1 1175 409 115 79 -1 -1 -1 -1 
49 3 2 806 432 107 82 -1 -1 -1 -1 
49 3 4 549 464 105 86 -1 -1 -1 -1 
50 3 1 1189 397 108 87 -1 -1 -1 -1 
50 3 2 815 429 110 84 -1 -1 -1 -1 
50 3 4 565 476 101 74 -1 -1 -1 -1 
51 3 1 1206 400 109 84 -1 -1 -1 -1 
51 3 2 829 422 108 89 -1 -1 -1 -1 
51 3 4 573 472 105 74 -1 -1 -1 -1 
52 3 1 1218 393 107 89 -1 -1 -1 -1 
52 3 2 842 428 111 82 -1 -1 -1 -1 
52 3 4 583 465 104 81 -1 -1 -1 -1 
53 3 1 1232 398 110 85 -1 -1 -1 -1 
53 3 2 853 422 113 87 -1 -1 -1 -1 
53 3 4 591 464 106 81 -1 -1 -1 -1 
54 3 1 1243 389 110 92 -1 -1 -1 -1 
54 3 2 864 415 114 93 -1 -1 -1 -1 
54 3 4 604 473 108 72 -1 -1 -1 -1 
55 3 1 1259 404 109 75 -1 -1 -1 -1 
55 3 2 881 416 109 91 -1 -1 -1 -1 
55 3 4 617 473 103 71 -1 -1 -1 -1 
56 3 1 1273 411 109 68 -1 -1 -1 -1 
56 3 2 893 419 110 85 -1 -1 -1 -1 
56 3 4 626 461 106 81 -1 -1 -1 -1 
57 3 1 1286 397 106 81 -1 -1 -1 -1 
57 3 2 903 417 113 86 -1 -1 -1 -1 
57 3 4 638 465 103 77 -1 -1 -1 -1 
58 3 1 1300 406 105 70 -1 -1 -1 -1 
58 3 2 918 414 112 88 -1 -1 -1 -1 
58 3 4 643 466 111 73 -1 -1 -1 -1 
59 3 1 1313 408 105 68 -1 -1 -1 -1 
59 3 2 931 418 110 82 -1 -1 -1 -1 
59 3 4 658 454 107 84 -1 -1 -1 -1 
59 2 6 211 505 115 71 -1 -1 -1 -1 
60 3 1 1327 401 106 73 -1 -1 -1 -1 
60 3 2 941 415 112 83 -1 -1 -1 -1 
60 3 4 672 462 107 77 -1 -1 -1 -1 
60 2 6 209 504 125 73 -1 -1 -1 -1 
61 3 1 1342 386 98 85 -1 -1 -1 -1 
61 3 2 954 415 115 82 -1 -1 -1 -1 
61 3 4 683 452 104 83 -1 -1 -1 -1 
61 2 6 208 502 133 74 -1 -1 -1 -1 
62 3 1 1351 395 105 75 -1 -1 -1 -1 
62 3 2 963 422 120 76 -1 -1 -1 -1 
62 3 4 691 463 111 71 -1 -1 -1 -1 
62 2 6 210 501 135 74 -1 -1 -1 -1 
63 3 1 1364 405 103 66 -1 -1 -1 -1 
63 3 2 988 418 106 75 -1 -1 -1 -1 
63 3 4 705 462 104 70 -1 -1 -1 -1 
63 2 6 206 500 151 76 -1 -1 -1 -1 
64 3 1 1379 392 99 77 -1 -1 -1 -1 
64 3 2 997 409 109 83 -1 -1 -1 -1 
64 3 4 719 455 104 77 -1 -1 -1 -1 
64 2 6 206 495 158 83 -1 -1 -1 -1 
65 3 1 1391 398 100 70 -1 -1 -1 -1 
65 3 2 1009 412 110 82 -1 -1 -1 -1 
65 3 4 728 452 106 80 -1 -1 -1 -1 
65 2 6 210 494 161 85 -1 -1 -1 -1 
66 3 1 1406 391 97 76 -1 -1 -1 -1 
66 3 2 1027 402 102 88 -1 -1 -1 -1 
66 3 4 737 449 107 81 -1 -1 -1 -1 
66 2 6 217 494 164 83 -1 -1 -1 -1 
67 3 1 1417 394 96 70 -1 -1 -1 -1 
67 3 2 1035 419 112 73 -1 -1 -1 -1 
67 3 4 749 446 108 84 -1 -1 -1 -1 
67 2 6 223 493 166 85 -1 -1 -1 -1 
68 3 1 1431 393 96 70 -1 -1 -1 -1 
68 3 2 1050 401 109 89 -1 -1 -1 -1 
68 3 4 759 438 114 89 -1 -1 -1 -1 
68 2 6 226 491 172 88 -1 -1 -1 -1 
69 3 1 1444 396 94 63 -1 -1 -1 -1 
69 3 2 1066 402 104 84 -1 -1 -1 -1 
69 3 4 773 452 109 75 -1 -1 -1 -1 
69 2 6 234 487 170 90 -1 -1 -1 -1 
69 0 8 181 548 32 81 -1 -1 -1 -1 
70 3 1 1459 400 91 59 -1 -1 -1 -1 
70 3 2 1076 410 108 75 -1 -1 -1 -1 
70 3 4 786 451 109 76 -1 -1 -1 -1 
70 2 6 239 487 176 91 -1 -1 -1 -1 
70 0 8 182 548 32 80 -1 -1 -1 -1 
71 3 1 1469 396 92 61 -1 -1 -1 -1 
71 3 2 1085 398 112 88 -1 -1 -1 -1 
71 3 4 796 455 111 71 -1 -1 -1 -1 
71 2 6 247 485 174 91 -1 -1 -1 -1 
71 0 8 181 548 34 82 -1 -1 -1 -1 
72 3 1 1483 396 93 61 -1 -1 -1 -1 
72 3 2 1102 402 107 82 -1 -1 -1 -1 
72 3 4 811 453 111 70 -1 -1 -1 -1 
72 2 6 258 487 170 91 -1 -1 -1 -1 
72 0 8 181 548 34 81 -1 -1 -1 -1 
73 3 1 1495 382 85 73 -1 -1 -1 -1 
73 3 2 1118 397 104 83 -1 -1 -1 -1 
73 3 4 822 444 109 79 -1 -1 -1 -1 
73 2 6 263 484 175 92 -1 -1 -1 -1 
73 0 8 181 549 36 80 -1 -1 -1 -1 
74 3 1 1502 385 93 72 -1 -1 -1 -1 
74 3 2 1130 411 107 70 -1 -1 -1 -1 
74 3 4 834 438 110 84 -1 -1 -1 -1 
74 2 6 272 484 173 88 -1 -1 -1 -1 
74 0 8 181 547 33 81 -1 -1 -1 -1 
75 3 1 1518 372 87 80 -1 -1 -1 -1 
75 3 2 1140 391 110 86 -1 -1 -1 -1 
75 3 4 846 433 112 87 -1 -1 -1 -1 
75 2 6 279 478 172 95 -1 -1 -1 -1 
75 0 8 180 545 33 83 -1 -1 -1 -1 
76 3 1 1531 383 86 69 -1 -1 -1 -1 
76 3 2 1156 395 106 84 -1 -1 -1 -1 
76 3 4 855 448 117 72 -1 -1 -1 -1 
76 2 6 285 479 178 95 -1 -1 -1 -1 
76 0 8 179 545 34 85 -1 -1 -1 -1 
77 3 1 1540 379 86 72 -1 -1 -1 -1 
77 3 2 1170 394 106 82 -1 -1 -1 -1 
77 3 4 871 449 111 71 -1 -1 -1 -1 
77 2 6 297 479 175 92 -1 -1 -1 -1 
77 0 8 179 545 34 84 -1 -1 -1 -1 
78 3 1 1550 380 89 73 -1 -1 -1 -1 
78 3 2 1180 409 107 69 -1 -1 -1 -1 
78 3 4 884 445 111 71 -1 -1 -1 -1 
78 2 6 304 478 177 93 -1 -1 -1 -1 
78 0 8 179 545 35 84 -1 -1 -1 -1 
79 3 1 1562 379 89 73 -1 -1 -1 -1 
79 3 2 1192 410 109 67 -1 -1 -1 -1 
79 3 4 896 431 113 87 -1 -1 -1 -1 
80 3 1 1576 380 85 70 -1 -1 -1 -1 
80 3 2 1211 411 103 63 -1 -1 -1 -1 
80 3 4 907 431 116 86 -1 -1 -1 -1 
80 2 6 322 475 179 92 -1 -1 -1 -1 
80 0 8 179 546 35 84 -1 -1 -1 -1 
81 3 1 1584 381 86 67 -1 -1 -1 -1 
81 3 2 1224 407 101 65 -1 -1 -1 -1 
81 3 4 921 425 111 89 -1 -1 -1 -1 
81 2 6 330 475 178 91 -1 -1 -1 -1 
81 0 8 179 546 35 84 -1 -1 -1 -1 
82 3 1 1600 379 77 68 -1 -1 -1 -1 
82 3 2 1235 405 103 66 -1 -1 -1 -1 
82 3 4 932 437 120 77 -1 -1 -1 -1 
82 2 6 336 473 181 94 -1 -1 -1 -1 
82 0 8 179 546 36 84 -1 -1 -1 -1 
83 3 1 1606 378 81 68 -1 -1 -1 -1 
83 3 2 1247 404 105 67 -1 -1 -1 -1 
83 3 4 946 432 114 80 -1 -1 -1 -1 
83 2 6 346 471 180 96 -1 -1 -1 -1 
84 3 1 1616 376 83 70 -1 -1 -1 -1 
84 3 2 1264 405 100 63 -1 -1 -1 -1 
84 3 4 958 428 115 84 -1 -1 -1 -1 
84 2 6 357 465 177 98 -1 -1 -1 -1 
85 3 1 1631 374 79 70 -1 -1 -1 -1 
85 3 2 1277 410 99 58 -1 -1 -1 -1 
85 3 4 972 438 117 74 -1 -1 -1 -1 
85 2 6 364 462 185 101 -1 -1 -1 -1 
85 0 8 179 545 36 85 -1 -1 -1 -1 
86 3 1 1641 372 76 69 -1 -1 -1 -1 
86 3 2 1294 381 92 80 -1 -1 -1 -1 
86 3 4 984 429 116 80 -1 -1 -1 -1 
86 2 6 374 463 185 97 -1 -1 -1 -1 
86 0 8 180 545 34 85 -1 -1 -1 -1 
87 3 1 1648 377 79 66 -1 -1 -1 -1 
87 3 2 1304 380 95 81 -1 -1 -1 -1 
87 3 4 997 429 116 80 -1 -1 -1 -1 
87 2 6 382 463 186 97 -1 -1 -1 -1 
87 0 8 180 546 34 84 -1 -1 -1 -1 
88 3 1 1663 375 74 66 -1 -1 -1 -1 
88 3 2 1317 376 93 83 -1 -1 -1 -1 
88 3 4 1009 426 114 82 -1 -1 -1 -1 
88 2 6 392 462 185 97 -1 -1 -1 -1 
88 0 8 179 545 37 85 -1 -1 -1 -1 
89 3 1 1671 376 76 60 -1 -1 -1 -1 
89 3 2 1325 394 100 66 -1 -1 -1 -1 
89 3 4 1020 424 117 84 -1 -1 -1 -1 
90 3 1 1681 377 77 60 -1 -1 -1 -1 
90 3 2 1341 375 93 81 -1 -1 -1 -1 
90 3 4 1034 421 117 84 -1 -1 -1 -1 
90 2 6 408 460 192 97 -1 -1 -1 -1 
91 3 1 1691 376 73 58 -1 -1 -1 -1 
91 3 2 1354 371 94 88 -1 -1 -1 -1 
91 3 4 1049 417 116 86 -1 -1 -1 -1 
91 2 6 417 458 190 97 -1 -1 -1 -1 
92 3 1 1701 375 71 59 -1 -1 -1 -1 
92 3 2 1364 370 99 87 -1 -1 -1 -1 
92 3 4 1060 417 116 86 -1 -1 -1 -1 
92 2 6 426 454 191 102 -1 -1 -1 -1 
93 3 1 1711 373 71 60 -1 -1 -1 -1 
93 3 2 1382 375 93 79 -1 -1 -1 -1 
93 3 4 1072 434 124 71 -1 -1 -1 -1 
93 2 6 435 450 194 104 -1 -1 -1 -1 
94 3 1 1719 374 72 58 -1 -1 -1 -1 
94 3 2 1390 376 96 77 -1 -1 -1 -1 
94 3 4 1088 424 113 75 -1 -1 -1 -1 
94 2 6 444 450 196 100 -1 -1 -1 -1 
95 3 1 1730 375 68 56 -1 -1 -1 -1 
95 3 2 1406 380 91 74 -1 -1 -1 -1 
95 3 4 1100 425 115 76 -1 -1 -1 -1 
95 2 6 454 453 198 97 -1 -1 -1 -1 
96 3 1 1740 374 66 57 -1 -1 -1 -1 
96 3 2 1416 381 92 71 -1 -1 -1 -1 
96 3 4 1115 417 112 80 -1 -1 -1 -1 
96 2 6 466 451 192 97 -1 -1 -1 -1 
97 3 1 1750 375 63 55 -1 -1 -1 -1 
97 3 2 1432 379 90 70 -1 -1 -1 -1 
97 3 4 1126 424 118 73 -1 -1 -1 -1 
97 2 6 469 449 204 107 -1 -1 -1 -1 
98 3 1 1757 373 66 56 -1 -1 -1 -1 
98 3 2 1444 378 87 69 -1 -1 -1 -1 
98 3 4 1142 423 115 73 -1 -1 -1 -1 
98 2 6 480 445 204 103 -1 -1 -1 -1 
99 3 1 1767 374 67 56 -1 -1 -1 -1 
99 3 2 1456 383 85 68 -1 -1 -1 -1 
99 3 4 1156 419 109 76 -1 -1 -1 -1 
99 2 6 492 447 204 105 -1 -1 -1 -1 
100 3 1 1776 371 63 57 -1 -1 -1 -1 
100 3 2 1468 367 88 79 -1 -1 -1 -1 
100 3 4 1167 417 109 76 -1 -1 -1 -1 
100 2 6 504 441 202 105 -1 -1 -1 -1 
100 0 8 178 543 43 90 -1 -1 -1 -1 
101 3 1 1784 370 63 57 -1 -1 -1 -1 
101 3 2 1483 369 85 78 -1 -1 -1 -1 
101 3 4 1181 425 113 70 -1 -1 -1 -1 
101 2 6 518 440 195 104 -1 -1 -1 -1 
101 0 8 178 541 34 89 -1 -1 -1 -1 
102 3 1 1792 372 67 56 -1 -1 -1 -1 
102 3 2 1496 368 85 78 -1 -1 -1 -1 
102 3 4 1196 419 109 74 -1 -1 -1 -1 
102 2 6 522 438 203 105 -1 -1 -1 -1 
102 0 8 178 542 35 89 -1 -1 -1 -1 
103 3 1 1802 368 62 59 -1 -1 -1 -1 
103 3 2 1504 380 82 68 -1 -1 -1 -1 
103 3 4 1207 423 109 70 -1 -1 -1 -1 
103 2 6 532 438 205 104 -1 -1 -1 -1 
103 0 8 178 541 35 89 -1 -1 -1 -1 
103 3 9 239 514 91 64 -1 -1 -1 -1 
104 3 1 1811 367 62 60 -1 -1 -1 -1 
104 3 2 1509 379 88 68 -1 -1 -1 -1 
104 3 4 1220 419 111 71 -1 -1 -1 -1 
104 2 6 543 436 208 104 -1 -1 -1 -1 
104 0 8 177 541 37 89 -1 -1 -1 -1 
105 3 1 1819 364 61 62 -1 -1 -1 -1 
105 3 2 1521 379 88 67 -1 -1 -1 -1 
105 3 4 1235 420 109 70 -1 -1 -1 -1 
105 2 6 553 435 204 103 -1 -1 -1 -1 
105 0 8 178 541 35 88 -1 -1 -1 -1 
105 3 9 263 507 86 69 -1 -1 -1 -1 
106 3 1 1825 367 63 58 -1 -1 -1 -1 
106 3 2 1537 372 80 67 -1 -1 -1 -1 
106 3 4 1249 414 106 76 -1 -1 -1 -1 
106 2 6 563 434 208 103 -1 -1 -1 -1 
106 0 8 179 543 33 86 -1 -1 -1 -1 
106 3 9 271 505 87 70 -1 -1 -1 -1 
107 3 1 1835 365 58 60 -1 -1 -1 -1 
107 3 2 1548 370 81 67 -1 -1 -1 -1 
107 3 4 1261 422 104 66 -1 -1 -1 -1 
107 2 6 571 434 213 100 -1 -1 -1 -1 
107 0 8 180 542 31 85 -1 -1 -1 -1 
108 3 1 1843 364 59 61 -1 -1 -1 -1 
108 3 2 1560 367 80 68 -1 -1 -1 -1 
108 3 4 1274 419 108 66 -1 -1 -1 -1 
108 2 6 587 431 206 104 -1 -1 -1 -1 
108 0 8 179 543 34 85 -1 -1 -1 -1 
109 3 1 1849 361 59 61 -1 -1 -1 -1 
109 3 2 1570 364 80 70 -1 -1 -1 -1 
109 3 4 1289 424 100 61 -1 -1 -1 -1 
109 2 6 596 432 205 100 -1 -1 -1 -1 
109 0 8 179 543 37 85 -1 -1 -1 -1 
109 3 9 302 494 88 73 -1 -1 -1 -1 
110 3 1 1858 365 58 57 -1 -1 -1 -1 
110 3 2 1578 372 84 60 -1 -1 -1 -1 
110 3 4 1303 412 101 73 -1 -1 -1 -1 
110 2 6 607 428 208 101 -1 -1 -1 -1 
110 0 8 179 545 37 84 -1 -1 -1 -1 
110 3 9 313 500 88 68 -1 -1 -1 -1 
111 3 1 1867 365 52 56 -1 -1 -1 -1 
111 3 2 1593 367 74 66 -1 -1 -1 -1 
111 3 4 1312 408 100 75 -1 -1 -1 -1 
111 2 6 618 430 205 99 -1 -1 -1 -1 
111 0 8 179 548 36 82 -1 -1 -1 -1 
112 3 2 1603 367 76 62 -1 -1 -1 -1 
112 3 4 1324 414 107 68 -1 -1 -1 -1 
112 2 6 628 430 206 98 -1 -1 -1 -1 
112 0 8 180 549 35 81 -1 -1 -1 -1 
113 3 2 1614 366 76 61 -1 -1 -1 -1 
113 3 4 1338 405 101 75 -1 -1 -1 -1 
113 2 6 640 428 205 98 -1 -1 -1 -1 
114 3 2 1625 373 73 54 -1 -1 -1 -1 
114 3 4 1351 413 102 67 -1 -1 -1 -1 
114 2 6 653 426 208 98 -1 -1 -1 -1 
114 0 8 181 546 41 83 -1 -1 -1 -1 
114 3 9 354 489 90 71 -1 -1 -1 -1 
115 3 2 1632 375 76 52 -1 -1 -1 -1 
115 3 4 1364 413 100 66 -1 -1 -1 -1 
115 2 6 662 425 210 99 -1 -1 -1 -1 
115 0 8 182 546 40 84 -1 -1 -1 -1 
115 3 9 362 490 96 70 -1 -1 -1 -1 
116 3 1 1642 374 76 53 -1 -1 -1 -1 
116 3 2 1643 376 75 49 -1 -1 -1 -1 
116 3 4 1378 412 100 65 -1 -1 -1 -1 
116 2 6 671 424 212 100 -1 -1 -1 -1 
116 0 8 184 547 37 82 -1 -1 -1 -1 
117 3 1 1628 375 76 52 -1 -1 -1 -1 
117 3 2 1652 372 74 54 -1 -1 -1 -1 
117 3 4 1390 420 93 56 -1 -1 -1 -1 
117 2 6 687 422 207 100 -1 -1 -1 -1 
117 0 8 184 547 36 82 -1 -1 -1 -1 
117 3 9 385 477 95 77 -1 -1 -1 -1 
118 3 2 1661 369 74 55 -1 -1 -1 -1 
118 3 4 1403 419 93 55 -1 -1 -1 -1 
118 2 6 699 422 208 97 -1 -1 -1 -1 
118 0 8 185 549 36 81 -1 -1 -1 -1 
118 3 9 398 475 93 78 -1 -1 -1 -1 
119 3 2 1672 369 72 54 -1 -1 -1 -1 
119 3 4 1415 411 94 62 -1 -1 -1 -1 
119 2 6 707 420 209 98 -1 -1 -1 -1 
119 0 8 186 549 34 80 -1 -1 -1 -1 
119 3 9 407 476 95 75 -1 -1 -1 -1 
120 3 2 1682 361 74 64 -1 -1 -1 -1 
120 3 4 1427 416 95 56 -1 -1 -1 -1 
120 2 6 719 419 212 98 -1 -1 -1 -1 
120 0 8 186 548 34 81 -1 -1 -1 -1 
120 3 9 419 474 95 76 -1 -1 -1 -1 
121 3 2 1692 360 74 64 -1 -1 -1 -1 
121 3 4 1436 417 94 55 -1 -1 -1 -1 
121 2 6 730 417 210 99 -1 -1 -1 -1 
121 0 8 186 549 34 80 -1 -1 -1 -1 
121 3 9 430 471 93 76 -1 -1 -1 -1 
122 3 2 1701 363 69 60 -1 -1 -1 -1 
122 3 4 1453 413 95 57 -1 -1 -1 -1 
122 2 6 747 415 206 96 -1 -1 -1 -1 
122 0 8 187 550 33 78 -1 -1 -1 -1 
122 3 9 443 468 92 77 -1 -1 -1 -1 
123 3 2 1708 366 69 57 -1 -1 -1 -1 
123 3 4 1464 413 95 55 -1 -1 -1 -1 
123 2 6 756 412 207 101 -1 -1 -1 -1 
123 0 8 188 548 32 80 -1 -1 -1 -1 
123 3 9 453 465 94 78 -1 -1 -1 -1 
124 3 2 1718 356 66 65 -1 -1 -1 -1 
124 3 4 1477 412 94 55 -1 -1 -1 -1 
124 2 6 766 410 215 103 -1 -1 -1 -1 
124 0 8 188 549 33 80 -1 -1 -1 -1 
124 3 9 464 466 95 77 -1 -1 -1 -1 
125 3 2 1727 363 65 59 -1 -1 -1 -1 
125 3 4 1491 390 88 73 -1 -1 -1 -1 
125 2 6 779 411 214 99 -1 -1 -1 -1 
125 0 8 189 549 34 81 -1 -1 -1 -1 
125 3 9 477 462 95 76 -1 -1 -1 -1 
125 3 16 1578 298 82 66 -1 -1 -1 -1 
126 3 2 1736 362 66 60 -1 -1 -1 -1 
126 3 4 1499 405 95 62 -1 -1 -1 -1 
126 2 6 793 407 210 105 -1 -1 -1 -1 
126 0 8 190 550 33 79 -1 -1 -1 -1 
126 3 9 487 462 97 76 -1 -1 -1 -1 
126 3 16 1572 298 82 66 -1 -1 -1 -1 
126 3 17 1441 305 67 54 -1 -1 -1 -1 
127 3 4 1510 403 98 64 -1 -1 -1 -1 
127 2 6 803 411 215 98 -1 -1 -1 -1 
127 0 8 190 551 34 77 -1 -1 -1 -1 
127 3 9 502 457 91 77 -1 -1 -1 -1 
128 3 2 1752 366 64 53 -1 -1 -1 -1 
128 3 4 1523 400 91 59 -1 -1 -1 -1 
128 2 6 815 409 213 98 -1 -1 -1 -1 
128 0 8 192 552 31 76 -1 -1 -1 -1 
128 3 9 511 458 93 74 -1 -1 -1 -1 
128 3 17 1424 309 65 53 -1 -1 -1 -1 
129 3 2 1761 366 64 52 -1 -1 -1 -1 
129 3 4 1539 390 83 70 -1 -1 -1 -1 
129 2 6 829 409 212 97 -1 -1 -1 -1 
129 0 8 191 552 34 77 -1 -1 -1 -1 
130 3 4 1546 400 90 59 -1 -1 -1 -1 
130 2 6 842 406 216 102 -1 -1 -1 -1 
130 0 8 191 553 34 76 -1 -1 -1 -1 
130 3 9 533 454 98 74 -1 -1 -1 -1 
130 3 17 1411 308 61 52 -1 -1 -1 -1 
131 3 4 1556 399 94 59 -1 -1 -1 -1 
131 2 6 854 404 213 101 -1 -1 -1 -1 
131 0 8 190 553 34 75 -1 -1 -1 -1 
131 3 9 546 445 97 80 -1 -1 -1 -1 
132 2 6 861 404 223 103 -1 -1 -1 -1 
132 0 8 190 552 34 76 -1 -1 -1 -1 
132 3 9 555 445 100 79 -1 -1 -1 -1 
132 3 17 1390 308 64 57 -1 -1 -1 -1 
133 2 6 879 402 212 100 -1 -1 -1 -1 
133 0 8 189 552 35 76 -1 -1 -1 -1 
133 3 9 570 438 96 84 -1 -1 -1 -1 
133 3 16 1524 310 72 62 -1 -1 -1 -1 
133 3 17 1381 308 67 57 -1 -1 -1 -1 
134 3 4 1589 400 85 54 -1 -1 -1 -1 
134 2 6 890 404 217 101 -1 -1 -1 -1 
134 0 8 188 551 35 77 -1 -1 -1 -1 
134 3 9 582 444 98 75 -1 -1 -1 -1 
134 3 16 1515 312 74 61 -1 -1 -1 -1 
134 3 17 1372 309 64 57 -1 -1 -1 -1 
135 3 2 1805 363 60 53 -1 -1 -1 -1 
135 3 4 1604 399 78 53 -1 -1 -1 -1 
135 2 6 896 401 224 103 -1 -1 -1 -1 
135 0 8 188 552 33 76 -1 -1 -1 -1 
135 3 9 594 447 99 73 -1 -1 -1 -1 
135 3 16 1508 319 73 57 -1 -1 -1 -1 
135 3 17 1364 310 65 58 -1 -1 -1 -1 
136 3 2 1813 362 60 54 -1 -1 -1 -1 
136 3 4 1612 400 81 54 -1 -1 -1 -1 
136 2 6 913 401 222 102 -1 -1 -1 -1 
136 0 8 187 552 35 77 -1 -1 -1 -1 
136 3 9 604 445 101 71 -1 -1 -1 -1 
136 3 16 1504 319 72 56 -1 -1 -1 -1 
137 3 4 1625 397 82 53 -1 -1 -1 -1 
137 2 6 929 395 211 103 -1 -1 -1 -1 
137 0 8 186 552 37 78 -1 -1 -1 -1 
137 3 9 619 437 98 75 -1 -1 -1 -1 
137 3 16 1493 314 72 60 -1 -1 -1 -1 
137 3 17 1344 310 64 59 -1 -1 -1 -1 
138 3 4 1634 393 81 57 -1 -1 -1 -1 
138 2 6 941 398 219 100 -1 -1 -1 -1 
138 0 8 186 549 37 79 -1 -1 -1 -1 
138 3 9 628 436 101 76 -1 -1 -1 -1 
138 3 16 1485 316 74 60 -1 -1 -1 -1 
138 3 17 1333 313 69 59 -1 -1 -1 -1 
139 3 4 1645 396 82 53 -1 -1 -1 -1 
139 2 6 953 392 211 102 -1 -1 -1 -1 
139 0 8 185 548 39 80 -1 -1 -1 -1 
139 3 9 642 431 101 80 -1 -1 -1 -1 
139 3 16 1479 314 71 61 -1 -1 -1 -1 
140 3 4 1657 395 75 53 -1 -1 -1 -1 
140 2 6 964 391 214 101 -1 -1 -1 -1 
140 3 9 656 429 101 79 -1 -1 -1 -1 
140 3 16 1473 311 70 64 -1 -1 -1 -1 
141 3 4 1667 394 76 54 -1 -1 -1 -1 
141 2 6 978 390 214 101 -1 -1 -1 -1 
141 3 9 668 427 98 79 -1 -1 -1 -1 
141 3 16 1463 313 74 63 -1 -1 -1 -1 
142 2 6 993 389 210 100 -1 -1 -1 -1 
142 3 9 679 427 102 80 -1 -1 -1 -1 
142 3 16 1458 316 72 60 -1 -1 -1 -1 
142 3 17 1295 318 68 57 -1 -1 -1 -1 
143 3 4 1686 382 75 65 -1 -1 -1 -1 
143 2 6 1004 385 212 102 -1 -1 -1 -1 
143 3 9 692 423 99 82 -1 -1 -1 -1 
143 3 16 1448 322 70 56 -1 -1 -1 -1 
143 3 17 1283 318 71 57 -1 -1 -1 -1 
144 3 4 1695 391 79 56 -1 -1 -1 -1 
144 2 6 1017 385 210 101 -1 -1 -1 -1 
144 3 9 706 422 102 80 -1 -1 -1 -1 
144 3 16 1442 322 71 55 -1 -1 -1 -1 
144 3 17 1275 328 71 48 -1 -1 -1 -1 
145 3 4 1705 394 76 53 -1 -1 -1 -1 
145 2 6 1029 386 210 100 -1 -1 -1 -1 
145 3 9 715 418 104 80 -1 -1 -1 -1 
145 3 16 1435 319 70 57 -1 -1 -1 -1 
145 3 17 1266 324 68 52 -1 -1 -1 -1 
146 3 4 1716 380 70 64 -1 -1 -1 -1 
146 2 6 1045 383 208 99 -1 -1 -1 -1 
146 3 9 726 421 104 79 -1 -1 -1 -1 
146 3 16 1425 324 73 54 -1 -1 -1 -1 
146 3 17 1251 326 78 53 -1 -1 -1 -1 
147 3 4 1727 375 72 70 -1 -1 -1 -1 
147 2 6 1053 385 211 96 -1 -1 -1 -1 
147 3 9 743 418 99 78 -1 -1 -1 -1 
147 3 16 1416 319 74 59 -1 -1 -1 -1 
147 3 17 1238 312 73 66 -1 -1 -1 -1 
148 3 4 1734 377 73 68 -1 -1 -1 -1 
148 2 6 1067 381 212 101 -1 -1 -1 -1 
148 3 9 758 414 99 79 -1 -1 -1 -1 
148 3 16 1410 323 74 58 -1 -1 -1 -1 
148 3 17 1229 312 77 69 -1 -1 -1 -1 
149 3 4 1746 377 70 64 -1 -1 -1 -1 
149 2 6 1077 380 214 101 -1 -1 -1 -1 
149 3 9 766 417 103 77 -1 -1 -1 -1 
149 3 16 1401 322 75 58 -1 -1 -1 -1 
149 3 17 1222 311 70 69 -1 -1 -1 -1 
150 3 4 1755 369 67 71 -1 -1 -1 -1 
150 2 6 1093 382 208 96 -1 -1 -1 -1 
150 3 9 781 417 100 76 -1 -1 -1 -1 
150 3 16 1392 321 77 59 -1 -1 -1 -1 
150 3 17 1220 312 65 69 -1 -1 -1 -1 
151 3 4 1761 368 70 72 -1 -1 -1 -1 
151 2 6 1101 383 222 94 -1 -1 -1 -1 
151 3 9 794 412 100 75 -1 -1 -1 -1 
151 3 16 1384 321 77 59 -1 -1 -1 -1 
152 3 4 1773 373 66 64 -1 -1 -1 -1 
152 2 6 1117 383 211 90 -1 -1 -1 -1 
152 3 9 806 407 101 78 -1 -1 -1 -1 
152 3 16 1375 318 79 63 -1 -1 -1 -1 
153 3 4 1781 362 65 76 -1 -1 -1 -1 
153 2 6 1131 376 209 98 -1 -1 -1 -1 
153 3 9 818 408 105 76 -1 -1 -1 -1 
153 3 16 1365 318 81 65 -1 -1 -1 -1 
154 3 4 1789 377 69 60 -1 -1 -1 -1 
154 2 6 1143 374 209 99 -1 -1 -1 -1 
154 3 9 834 404 100 77 -1 -1 -1 -1 
154 3 16 1358 319 80 64 -1 -1 -1 -1 
154 2 22 183 500 134 72 -1 -1 -1 -1 
155 3 4 1801 373 61 61 -1 -1 -1 -1 
155 2 6 1154 370 211 98 -1 -1 -1 -1 
155 3 9 847 400 100 78 -1 -1 -1 -1 
155 3 16 1346 327 84 57 -1 -1 -1 -1 
155 2 22 164 498 164 80 -1 -1 -1 -1 
156 3 4 1806 361 63 73 -1 -1 -1 -1 
156 2 6 1168 373 207 97 -1 -1 -1 -1 
156 3 9 860 399 101 79 -1 -1 -1 -1 
156 3 16 1339 322 81 60 -1 -1 -1 -1 
156 2 22 173 498 164 79 -1 -1 -1 -1 
157 3 4 1814 360 61 75 -1 -1 -1 -1 
157 2 6 1179 372 207 95 -1 -1 -1 -1 
157 3 9 873 401 101 73 -1 -1 -1 -1 
157 3 16 1329 320 83 63 -1 -1 -1 -1 
157 2 22 179 496 170 83 -1 -1 -1 -1 
158 3 4 1823 374 63 60 -1 -1 -1 -1 
158 2 6 1190 368 206 99 -1 -1 -1 -1 
158 3 9 886 400 100 71 -1 -1 -1 -1 
158 3 16 1318 318 86 64 -1 -1 -1 -1 
158 3 17 1129 337 75 57 -1 -1 -1 -1 
158 2 22 193 490 161 87 -1 -1 -1 -1 
159 3 4 1831 360 61 72 -1 -1 -1 -1 
159 2 6 1205 371 202 96 -1 -1 -1 -1 
159 3 9 899 396 104 77 -1 -1 -1 -1 
159 3 16 1308 317 89 66 -1 -1 -1 -1 
159 3 17 1119 336 72 59 -1 -1 -1 -1 
160 3 4 1841 356 54 75 -1 -1 -1 -1 
160 3 6 1221 365 196 98 -1 -1 -1 -1 
160 3 9 912 402 101 67 -1 -1 -1 -1 
160 3 17 1104 345 79 52 -1 -1 -1 -1 
160 2 22 201 485 173 92 -1 -1 -1 -1 
161 3 4 1846 370 61 62 -1 -1 -1 -1 
161 2 6 1230 368 204 94 -1 -1 -1 -1 
161 3 9 928 398 98 72 -1 -1 -1 -1 
161 3 17 1093 347 80 51 -1 -1 -1 -1 
162 3 4 1854 358 59 69 -1 -1 -1 -1 
162 2 6 1240 366 202 94 -1 -1 -1 -1 
162 3 9 941 400 102 66 -1 -1 -1 -1 
162 3 17 1084 352 76 48 -1 -1 -1 -1 
162 2 22 213 479 177 97 -1 -1 -1 -1 
163 3 2 1072 344 77 57 -1 -1 -1 -1 
163 3 4 1862 358 55 70 -1 -1 -1 -1 
163 2 6 1252 360 203 101 -1 -1 -1 -1 
163 3 9 957 391 97 71 -1 -1 -1 -1 
163 3 17 1074 355 75 46 -1 -1 -1 -1 
164 3 2 1041 343 79 58 -1 -1 -1 -1 
164 3 4 1868 358 48 70 -1 -1 -1 -1 
164 2 6 1263 362 204 98 -1 -1 -1 -1 
164 3 9 972 390 95 72 -1 -1 -1 -1 
164 3 17 1062 346 81 54 -1 -1 -1 -1 
165 3 4 1875 356 44 72 -1 -1 -1 -1 
165 2 6 1274 357 203 103 -1 -1 -1 -1 
165 3 9 983 386 97 75 -1 -1 -1 -1 
165 3 17 1055 345 76 55 -1 -1 -1 -1 
166 3 4 1882 356 37 74 -1 -1 -1 -1 
166 2 6 1284 359 209 103 -1 -1 -1 -1 
166 3 9 999 395 96 63 -1 -1 -1 -1 
166 3 17 1044 346 78 56 -1 -1 -1 -1 
167 3 4 1890 355 29 74 -1 -1 -1 -1 
167 2 6 1304 357 196 100 -1 -1 -1 -1 
167 3 9 1013 377 94 82 -1 -1 -1 -1 
168 2 6 1311 358 206 101 -1 -1 -1 -1 
168 3 9 1021 373 100 83 -1 -1 -1 -1 
169 2 6 1325 358 196 99 -1 -1 -1 -1 
169 3 9 1036 373 100 80 -1 -1 -1 -1 
169 2 22 232 463 229 116 -1 -1 -1 -1 
170 2 6 1334 358 197 97 -1 -1 -1 -1 
170 3 9 1051 370 96 80 -1 -1 -1 -1 
170 3 16 1203 320 100 72 -1 -1 -1 -1 
170 2 22 231 461 240 115 -1 -1 -1 -1 
171 2 6 1347 356 193 99 -1 -1 -1 -1 
171 3 9 1064 373 99 79 -1 -1 -1 -1 
171 3 16 1192 326 110 71 -1 -1 -1 -1 
171 3 17 985 360 71 53 -1 -1 -1 -1 
171 2 22 239 461 241 115 -1 -1 -1 -1 
172 2 6 1358 357 197 97 -1 -1 -1 -1 
172 3 9 1079 370 96 77 -1 -1 -1 -1 
172 3 16 1183 327 111 71 -1 -1 -1 -1 
172 3 17 973 361 78 54 -1 -1 -1 -1 
173 2 6 1369 357 196 96 -1 -1 -1 -1 
173 3 9 1095 368 90 77 -1 -1 -1 -1 
173 3 17 961 362 80 55 -1 -1 -1 -1 
174 2 6 1378 353 201 101 -1 -1 -1 -1 
174 3 9 1105 369 95 76 -1 -1 -1 -1 
174 2 22 261 457 249 114 -1 -1 -1 -1 
175 2 6 1391 353 192 97 -1 -1 -1 -1 
175 3 9 1117 374 93 70 -1 -1 -1 -1 
175 2 22 268 455 255 113 -1 -1 -1 -1 
176 2 6 1405 352 191 96 -1 -1 -1 -1 
176 3 9 1138 354 82 82 -1 -1 -1 -1 
176 2 22 281 454 260 112 -1 -1 -1 -1 
177 2 6 1414 350 189 97 -1 -1 -1 -1 
177 3 9 1143 373 94 65 -1 -1 -1 -1 
177 2 22 289 452 259 113 -1 -1 -1 -1 
178 2 6 1427 349 188 98 -1 -1 -1 -1 
178 3 9 1155 372 96 65 -1 -1 -1 -1 
178 3 17 895 368 89 55 -1 -1 -1 -1 
179 2 6 1437 349 184 95 -1 -1 -1 -1 
179 3 9 1169 355 88 77 -1 -1 -1 -1 
179 3 17 887 376 83 50 -1 -1 -1 -1 
179 2 22 305 450 267 116 -1 -1 -1 -1 
180 2 6 1448 349 184 94 -1 -1 -1 -1 
180 3 9 1174 356 95 73 -1 -1 -1 -1 
180 3 17 875 378 84 50 -1 -1 -1 -1 
181 2 6 1460 349 181 92 -1 -1 -1 -1 
181 3 9 1188 357 92 69 -1 -1 -1 -1 
181 3 17 866 371 78 57 -1 -1 -1 -1 
181 2 22 324 448 269 112 -1 -1 -1 -1 
182 2 6 1472 348 179 93 -1 -1 -1 -1 
182 3 9 1207 361 89 63 -1 -1 -1 -1 
182 3 17 854 372 79 58 -1 -1 -1 -1 
183 2 6 1481 347 182 94 -1 -1 -1 -1 
183 3 9 1221 361 86 63 -1 -1 -1 -1 
183 3 16 1124 349 80 58 -1 -1 -1 -1 
183 3 17 836 368 88 65 -1 -1 -1 -1 
183 2 22 339 440 282 118 -1 -1 -1 -1 
184 2 6 1492 348 178 92 -1 -1 -1 -1 
184 3 9 1233 359 83 63 -1 -1 -1 -1 
184 3 16 1118 351 78 56 -1 -1 -1 -1 
185 2 6 1501 348 178 90 -1 -1 -1 -1 
185 3 9 1247 358 85 64 -1 -1 -1 -1 
185 2 22 369 438 273 115 -1 -1 -1 -1 
186 2 6 1510 346 181 90 -1 -1 -1 -1 
186 3 9 1261 350 79 68 -1 -1 -1 -1 
186 2 22 367 440 289 112 -1 -1 -1 -1 
187 2 6 1523 347 175 88 -1 -1 -1 -1 
187 3 9 1272 345 79 72 -1 -1 -1 -1 
187 3 17 790 365 85 73 -1 -1 -1 -1 
187 2 22 385 433 280 119 -1 -1 -1 -1 
188 2 6 1533 344 175 89 -1 -1 -1 -1 
188 3 9 1278 349 82 68 -1 -1 -1 -1 
188 3 17 778 365 86 75 -1 -1 -1 -1 
188 2 22 401 429 275 121 -1 -1 -1 -1 
189 2 6 1543 344 171 89 -1 -1 -1 -1 
189 3 9 1295 344 78 70 -1 -1 -1 -1 
189 3 17 768 356 82 86 -1 -1 -1 -1 
189 2 22 407 427 283 123 -1 -1 -1 -1 
190 2 6 1551 343 172 90 -1 -1 -1 -1 
190 3 9 1303 342 82 70 -1 -1 -1 -1 
190 3 17 757 355 81 89 -1 -1 -1 -1 
191 2 6 1562 341 171 92 -1 -1 -1 -1 
191 3 9 1316 341 78 70 -1 -1 -1 -1 
191 3 16 1056 352 82 61 -1 -1 -1 -1 
191 3 17 740 366 90 81 -1 -1 -1 -1 
191 2 22 426 423 286 123 -1 -1 -1 -1 
192 2 6 1572 340 171 92 -1 -1 -1 -1 
192 3 9 1326 341 77 69 -1 -1 -1 -1 
192 3 16 1048 352 82 62 -1 -1 -1 -1 
193 2 6 1583 340 167 89 -1 -1 -1 -1 
193 3 9 1339 343 77 64 -1 -1 -1 -1 
193 2 22 451 420 287 120 -1 -1 -1 -1 
194 2 6 1591 342 166 87 -1 -1 -1 -1 
194 3 9 1349 341 75 64 -1 -1 -1 -1 
194 3 16 1028 354 88 63 -1 -1 -1 -1 
194 2 22 466 416 282 121 -1 -1 -1 -1 
195 2 6 1603 342 161 86 -1 -1 -1 -1 
195 3 9 1358 339 74 64 -1 -1 -1 -1 
195 3 16 1020 355 88 61 -1 -1 -1 -1 
195 2 22 474 413 287 123 -1 -1 -1 -1 
196 2 6 1612 342 158 86 -1 -1 -1 -1 
196 3 9 1369 344 73 62 -1 -1 -1 -1 
196 3 16 1012 356 88 60 -1 -1 -1 -1 
197 2 6 1624 344 155 81 -1 -1 -1 -1 
197 3 9 1381 334 69 66 -1 -1 -1 -1 
197 3 16 1002 362 84 60 -1 -1 -1 -1 
197 2 22 500 409 284 116 -1 -1 -1 -1 
198 2 6 1631 342 160 83 -1 -1 -1 -1 
198 3 9 1392 328 70 73 -1 -1 -1 -1 
198 3 16 996 355 80 66 -1 -1 -1 -1 
198 2 22 515 408 281 117 -1 -1 -1 -1 
199 2 6 1637 343 163 82 -1 -1 -1 -1 
199 3 9 1399 328 74 72 -1 -1 -1 -1 
199 3 16 987 365 81 57 -1 -1 -1 -1 
199 2 22 523 407 284 117 -1 -1 -1 -1 
200 2 6 1647 342 158 81 -1 -1 -1 -1 
200 3 9 1406 330 75 71 -1 -1 -1 -1 
200 3 16 974 361 86 60 -1 -1 -1 -1 
200 2 22 535 407 288 113 -1 -1 -1 -1 
201 2 6 1662 341 149 82 -1 -1 -1 -1 
201 3 9 1417 331 70 67 -1 -1 -1 -1 
201 3 16 965 373 90 52 -1 -1 -1 -1 
201 2 22 553 404 283 113 -1 -1 -1 -1 
202 2 6 1669 339 148 83 -1 -1 -1 -1 
202 3 9 1432 325 61 66 -1 -1 -1 -1 
202 3 16 957 369 82 54 -1 -1 -1 -1 
202 2 22 562 404 286 112 -1 -1 -1 -1 
203 2 6 1676 340 148 83 -1 -1 -1 -1 
203 3 9 1440 324 66 70 -1 -1 -1 -1 
203 3 16 947 368 87 57 -1 -1 -1 -1 
203 2 22 572 404 282 111 -1 -1 -1 -1 
204 2 6 1685 338 149 83 -1 -1 -1 -1 
204 3 9 1448 324 64 68 -1 -1 -1 -1 
204 3 16 945 367 77 59 -1 -1 -1 -1 
204 2 22 574 401 298 115 -1 -1 -1 -1 
205 2 6 1689 338 153 81 -1 -1 -1 -1 
205 3 9 1456 324 64 65 -1 -1 -1 -1 
205 3 16 934 376 80 54 -1 -1 -1 -1 
205 2 22 598 398 290 113 -1 -1 -1 -1 
206 2 6 1702 338 147 79 -1 -1 -1 -1 
206 3 9 1466 325 63 66 -1 -1 -1 -1 
206 3 16 925 373 83 55 -1 -1 -1 -1 
206 2 22 613 396 284 111 -1 -1 -1 -1 
207 2 6 1710 337 146 80 -1 -1 -1 -1 
207 3 9 1476 321 61 64 -1 -1 -1 -1 
207 3 16 916 374 84 55 -1 -1 -1 -1 
208 2 6 1719 337 142 81 -1 -1 -1 -1 
208 3 9 1482 322 62 62 -1 -1 -1 -1 
208 3 16 912 371 78 59 -1 -1 -1 -1 
208 3 17 534 423 84 55 -1 -1 -1 -1 
208 2 22 627 393 304 117 -1 -1 -1 -1 
209 2 6 1726 337 145 80 -1 -1 -1 -1 
209 3 9 1491 318 62 65 -1 -1 -1 -1 
209 3 16 913 367 67 62 -1 -1 -1 -1 
209 3 17 522 428 81 53 -1 -1 -1 -1 
209 2 22 648 391 291 113 -1 -1 -1 -1 
210 2 6 1730 338 145 79 -1 -1 -1 -1 
210 3 9 1501 318 58 64 -1 -1 -1 -1 
210 3 16 905 367 67 63 -1 -1 -1 -1 
210 3 17 509 426 79 57 -1 -1 -1 -1 
211 2 6 1743 337 141 77 -1 -1 -1 -1 
211 3 9 1507 314 61 67 -1 -1 -1 -1 
211 3 17 497 427 82 58 -1 -1 -1 -1 
211 2 22 669 384 292 116 -1 -1 -1 -1 
212 2 6 1752 336 137 77 -1 -1 -1 -1 
212 3 9 1513 315 62 64 -1 -1 -1 -1 
212 3 17 488 429 80 58 -1 -1 -1 -1 
212 2 22 684 384 291 116 -1 -1 -1 -1 
213 2 6 1761 335 133 78 -1 -1 -1 -1 
213 3 9 1524 313 57 64 -1 -1 -1 -1 
213 3 17 474 430 86 60 -1 -1 -1 -1 
213 2 22 694 382 290 119 -1 -1 -1 -1 
214 2 6 1766 336 137 78 -1 -1 -1 -1 
214 3 9 1528 313 60 62 -1 -1 -1 -1 
214 3 17 465 425 78 66 -1 -1 -1 -1 
214 2 22 709 381 285 115 -1 -1 -1 -1 
215 2 6 1775 336 130 77 -1 -1 -1 -1 
215 3 9 1536 314 65 61 -1 -1 -1 -1 
215 3 17 446 427 85 66 -1 -1 -1 -1 
215 2 22 717 380 291 115 -1 -1 -1 -1 
216 2 6 1782 333 131 80 -1 -1 -1 -1 
216 3 9 1544 312 65 62 -1 -1 -1 -1 
216 3 17 435 432 82 64 -1 -1 -1 -1 
216 2 22 732 379 293 114 -1 -1 -1 -1 
217 2 6 1788 332 130 81 -1 -1 -1 -1 
217 3 9 1551 310 56 62 -1 -1 -1 -1 
217 3 17 428 437 79 61 -1 -1 -1 -1 
217 2 22 748 377 284 115 -1 -1 -1 -1 
218 2 6 1796 333 123 80 -1 -1 -1 -1 
218 3 9 1544 301 67 66 -1 -1 -1 -1 
218 3 16 668 398 73 58 -1 -1 -1 -1 
218 3 17 416 439 79 61 -1 -1 -1 -1 
219 2 6 1802 332 117 79 -1 -1 -1 -1 
219 3 9 1542 303 77 63 -1 -1 -1 -1 
219 3 16 647 401 72 57 -1 -1 -1 -1 
219 3 17 404 452 77 50 -1 -1 -1 -1 
219 2 22 773 374 282 107 -1 -1 -1 -1 
220 2 6 1811 333 108 77 -1 -1 -1 -1 
220 3 9 1528 301 96 62 -1 -1 -1 -1 
220 3 16 642 407 74 54 -1 -1 -1 -1 
220 3 17 392 455 77 49 -1 -1 -1 -1 
220 2 22 786 372 286 110 -1 -1 -1 -1 
221 2 6 1820 332 99 76 -1 -1 -1 -1 
221 3 9 1532 300 98 61 -1 -1 -1 -1 
221 3 16 624 406 79 55 -1 -1 -1 -1 
221 2 22 800 370 281 107 -1 -1 -1 -1 
