201 2 6 1662 341 149 82 -1 -1 -1 -1 
201 3 9 1417 331 70 67 -1 -1 -1 -1 
201 3 16 965 373 90 52 -1 -1 -1 -1 
201 2 22 553 404 283 113 -1 -1 -1 -1 
202 2 6 1669 339 148 83 -1 -1 -1 -1 
202 3 9 1432 325 61 66 -1 -1 -1 -1 
202 3 16 957 369 82 54 -1 -1 -1 -1 
202 2 22 562 404 286 112 -1 -1 -1 -1 
203 2 6 1676 340 148 83 -1 -1 -1 -1 
203 3 9 1440 324 66 70 -1 -1 -1 -1 
203 3 16 947 368 87 57 -1 -1 -1 -1 
203 2 22 572 404 282 111 -1 -1 -1 -1 
204 2 6 1685 338 149 83 -1 -1 -1 -1 
204 3 9 1448 324 64 68 -1 -1 -1 -1 
204 3 16 945 367 77 59 -1 -1 -1 -1 
204 2 22 574 401 298 115 -1 -1 -1 -1 
205 2 6 1689 338 153 81 -1 -1 -1 -1 
205 3 9 1456 324 64 65 -1 -1 -1 -1 
205 3 16 934 376 80 54 -1 -1 -1 -1 
205 2 22 598 398 290 113 -1 -1 -1 -1 
206 2 6 1702 338 147 79 -1 -1 -1 -1 
206 3 9 1466 325 63 66 -1 -1 -1 -1 
206 3 16 925 373 83 55 -1 -1 -1 -1 
206 2 22 613 396 284 111 -1 -1 -1 -1 
207 2 6 1710 337 146 80 -1 -1 -1 -1 
207 3 9 1476 321 61 64 -1 -1 -1 -1 
207 3 16 916 374 84 55 -1 -1 -1 -1 
208 2 6 1719 337 142 81 -1 -1 -1 -1 
208 3 9 1482 322 62 62 -1 -1 -1 -1 
208 3 16 912 371 78 59 -1 -1 -1 -1 
208 3 17 534 423 84 55 -1 -1 -1 -1 
208 2 22 627 393 304 117 -1 -1 -1 -1 
209 2 6 1726 337 145 80 -1 -1 -1 -1 
209 3 9 1491 318 62 65 -1 -1 -1 -1 
209 3 16 913 367 67 62 -1 -1 -1 -1 
209 3 17 522 428 81 53 -1 -1 -1 -1 
209 2 22 648 391 291 113 -1 -1 -1 -1 
210 2 6 1730 338 145 79 -1 -1 -1 -1 
210 3 9 1501 318 58 64 -1 -1 -1 -1 
210 3 16 905 367 67 63 -1 -1 -1 -1 
210 3 17 509 426 79 57 -1 -1 -1 -1 
211 2 6 1743 337 141 77 -1 -1 -1 -1 
211 3 9 1507 314 61 67 -1 -1 -1 -1 
211 3 17 497 427 82 58 -1 -1 -1 -1 
211 2 22 669 384 292 116 -1 -1 -1 -1 
212 2 6 1752 336 137 77 -1 -1 -1 -1 
212 3 9 1513 315 62 64 -1 -1 -1 -1 
212 3 17 488 429 80 58 -1 -1 -1 -1 
212 2 22 684 384 291 116 -1 -1 -1 -1 
213 2 6 1761 335 133 78 -1 -1 -1 -1 
213 3 9 1524 313 57 64 -1 -1 -1 -1 
213 3 17 474 430 86 60 -1 -1 -1 -1 
213 2 22 694 382 290 119 -1 -1 -1 -1 
214 2 6 1766 336 137 78 -1 -1 -1 -1 
214 3 9 1528 313 60 62 -1 -1 -1 -1 
214 3 17 465 425 78 66 -1 -1 -1 -1 
214 2 22 709 381 285 115 -1 -1 -1 -1 
215 2 6 1775 336 130 77 -1 -1 -1 -1 
215 3 9 1536 314 65 61 -1 -1 -1 -1 
215 3 17 446 427 85 66 -1 -1 -1 -1 
215 2 22 717 380 291 115 -1 -1 -1 -1 
216 2 6 1782 333 131 80 -1 -1 -1 -1 
216 3 9 1544 312 65 62 -1 -1 -1 -1 
216 3 17 435 432 82 64 -1 -1 -1 -1 
216 2 22 732 379 293 114 -1 -1 -1 -1 
217 2 6 1788 332 130 81 -1 -1 -1 -1 
217 3 9 1551 310 56 62 -1 -1 -1 -1 
217 3 17 428 437 79 61 -1 -1 -1 -1 
217 2 22 748 377 284 115 -1 -1 -1 -1 
218 2 6 1796 333 123 80 -1 -1 -1 -1 
218 3 9 1544 301 67 66 -1 -1 -1 -1 
218 3 16 668 398 73 58 -1 -1 -1 -1 
218 3 17 416 439 79 61 -1 -1 -1 -1 
219 2 6 1802 332 117 79 -1 -1 -1 -1 
219 3 9 1542 303 77 63 -1 -1 -1 -1 
219 3 16 647 401 72 57 -1 -1 -1 -1 
219 3 17 404 452 77 50 -1 -1 -1 -1 
219 2 22 773 374 282 107 -1 -1 -1 -1 
220 2 6 1811 333 108 77 -1 -1 -1 -1 
220 3 9 1528 301 96 62 -1 -1 -1 -1 
220 3 16 642 407 74 54 -1 -1 -1 -1 
220 3 17 392 455 77 49 -1 -1 -1 -1 
220 2 22 786 372 286 110 -1 -1 -1 -1 
221 2 6 1820 332 99 76 -1 -1 -1 -1 
221 3 9 1532 300 98 61 -1 -1 -1 -1 
221 3 16 624 406 79 55 -1 -1 -1 -1 
221 2 22 800 370 281 107 -1 -1 -1 -1 
