421 3 30 734 428 101 63 -1 -1 -1 -1 
421 2 37 241 700 337 372 -1 -1 -1 -1 
421 3 39 1468 374 84 57 -1 -1 -1 -1 
422 3 30 746 426 98 64 -1 -1 -1 -1 
422 2 37 225 708 348 366 -1 -1 -1 -1 
422 3 39 1488 372 84 58 -1 -1 -1 -1 
423 3 30 761 422 97 63 -1 -1 -1 -1 
423 2 37 214 716 356 357 -1 -1 -1 -1 
423 3 39 1503 372 82 57 -1 -1 -1 -1 
424 3 30 772 426 94 59 -1 -1 -1 -1 
424 2 37 200 724 363 349 -1 -1 -1 -1 
424 3 39 1519 373 82 55 -1 -1 -1 -1 
425 3 30 790 416 93 65 -1 -1 -1 -1 
425 2 37 186 735 370 343 -1 -1 -1 -1 
425 3 39 1537 368 81 57 -1 -1 -1 -1 
426 1 30 803 416 93 61 -1 -1 -1 -1 
426 2 37 176 743 376 335 -1 -1 -1 -1 
426 3 39 1553 368 78 57 -1 -1 -1 -1 
427 3 30 813 416 97 60 -1 -1 -1 -1 
427 2 37 160 751 381 328 -1 -1 -1 -1 
427 3 39 1570 363 74 63 -1 -1 -1 -1 
428 3 30 826 415 95 60 -1 -1 -1 -1 
428 2 37 146 761 384 318 -1 -1 -1 -1 
428 3 39 1582 369 81 55 -1 -1 -1 -1 
429 3 30 835 409 98 63 -1 -1 -1 -1 
429 2 37 138 769 382 307 -1 -1 -1 -1 
429 3 39 1603 361 71 61 -1 -1 -1 -1 
430 3 30 849 402 97 69 -1 -1 -1 -1 
430 2 37 126 783 390 295 -1 -1 -1 -1 
430 3 39 1615 362 72 61 -1 -1 -1 -1 
431 3 30 862 398 97 71 -1 -1 -1 -1 
431 2 37 125 798 384 277 -1 -1 -1 -1 
431 3 39 1630 362 72 60 -1 -1 -1 -1 
432 3 30 874 400 98 66 -1 -1 -1 -1 
432 2 37 112 806 387 269 -1 -1 -1 -1 
432 3 39 1647 347 68 69 -1 -1 -1 -1 
433 3 30 887 400 98 66 -1 -1 -1 -1 
433 2 37 97 814 392 261 -1 -1 -1 -1 
433 3 39 1658 360 69 58 -1 -1 -1 -1 
434 3 30 899 400 101 64 -1 -1 -1 -1 
434 2 37 88 826 390 250 -1 -1 -1 -1 
434 3 39 1674 354 69 58 -1 -1 -1 -1 
435 3 30 912 399 101 62 -1 -1 -1 -1 
435 2 37 79 837 386 238 -1 -1 -1 -1 
435 3 39 1687 349 68 62 -1 -1 -1 -1 
436 3 30 926 394 95 63 -1 -1 -1 -1 
436 2 37 64 847 389 228 -1 -1 -1 -1 
436 3 39 1700 349 68 63 -1 -1 -1 -1 
437 3 30 936 395 99 63 -1 -1 -1 -1 
437 2 37 62 860 380 216 -1 -1 -1 -1 
437 3 39 1715 357 64 53 -1 -1 -1 -1 
438 3 30 953 394 97 61 -1 -1 -1 -1 
438 2 37 48 872 382 205 -1 -1 -1 -1 
438 3 39 1726 356 65 53 -1 -1 -1 -1 
439 3 30 966 393 97 60 -1 -1 -1 -1 
439 2 37 29 881 392 196 -1 -1 -1 -1 
440 3 30 977 383 95 68 -1 -1 -1 -1 
440 2 37 18 895 386 184 -1 -1 -1 -1 
440 3 39 1752 349 63 57 -1 -1 -1 -1 
441 3 30 985 385 101 65 -1 -1 -1 -1 
441 2 37 8 909 378 170 -1 -1 -1 -1 
441 3 39 1765 353 61 54 -1 -1 -1 -1 
442 3 30 1003 383 94 65 -1 -1 -1 -1 
442 2 37 4 920 368 159 -1 -1 -1 -1 
442 3 39 1777 352 59 53 -1 -1 -1 -1 
443 3 30 1014 382 96 65 -1 -1 -1 -1 
443 2 37 1 932 352 147 -1 -1 -1 -1 
444 3 30 1028 382 94 63 -1 -1 -1 -1 
444 3 39 1800 355 60 52 -1 -1 -1 -1 
445 3 30 1041 381 90 62 -1 -1 -1 -1 
445 3 39 1813 355 60 51 -1 -1 -1 -1 
446 3 30 1053 378 91 65 -1 -1 -1 -1 
