421 2 38 449 200 237 251 -1 -1 -1 -1 
422 2 38 449 201 237 251 -1 -1 -1 -1 
423 2 38 446 189 254 287 -1 -1 -1 -1 
424 2 38 445 190 257 287 -1 -1 -1 -1 
425 2 38 487 240 262 280 -1 -1 -1 -1 
426 2 38 487 242 263 279 -1 -1 -1 -1 
427 2 38 486 249 270 285 -1 -1 -1 -1 
428 2 38 485 250 271 285 -1 -1 -1 -1 
429 2 38 485 250 271 285 -1 -1 -1 -1 
430 2 38 500 293 311 312 -1 -1 -1 -1 
431 2 38 499 295 314 312 -1 -1 -1 -1 
432 2 38 508 308 322 321 -1 -1 -1 -1 
433 2 38 508 309 323 321 -1 -1 -1 -1 
434 2 38 508 310 323 320 -1 -1 -1 -1 
435 2 38 533 284 337 404 -1 -1 -1 -1 
436 2 38 530 279 346 417 -1 -1 -1 -1 
437 2 38 554 230 335 470 -1 -1 -1 -1 
438 2 38 553 223 340 478 -1 -1 -1 -1 
439 2 38 580 384 358 326 -1 -1 -1 -1 
440 2 38 586 394 347 316 -1 -1 -1 -1 
441 2 38 587 395 346 315 -1 -1 -1 -1 
442 2 38 601 421 360 288 -1 -1 -1 -1 
443 2 38 602 422 359 286 -1 -1 -1 -1 
444 2 38 622 471 388 244 -1 -1 -1 -1 
445 2 38 623 472 385 242 -1 -1 -1 -1 
446 2 38 623 472 385 243 -1 -1 -1 -1 
446 2 44 941 208 74 39 -1 -1 -1 -1 
447 2 38 625 492 392 227 -1 -1 -1 -1 
448 2 38 627 494 388 225 -1 -1 -1 -1 
449 2 38 704 578 345 138 -1 -1 -1 -1 
450 2 38 707 580 340 135 -1 -1 -1 -1 
451 2 38 724 604 320 115 -1 -1 -1 -1 
