3 2 1 385 62 123 160 -1 -1 -1 -1 
3 0 2 941 567 161 137 -1 -1 -1 -1 
4 2 1 384 63 125 160 -1 -1 -1 -1 
4 0 2 937 566 167 139 -1 -1 -1 -1 
5 2 1 387 66 124 155 -1 -1 -1 -1 
6 2 1 388 66 122 155 -1 -1 -1 -1 
7 2 1 390 59 126 176 -1 -1 -1 -1 
7 0 2 949 533 112 116 -1 -1 -1 -1 
8 2 1 389 59 128 177 -1 -1 -1 -1 
8 0 2 949 533 111 116 -1 -1 -1 -1 
9 2 1 389 59 128 177 -1 -1 -1 -1 
9 0 2 949 533 111 115 -1 -1 -1 -1 
9 0 4 876 558 153 141 -1 -1 -1 -1 
9 0 5 295 165 59 86 -1 -1 -1 -1 
10 2 1 389 71 130 167 -1 -1 -1 -1 
10 0 2 947 526 99 114 -1 -1 -1 -1 
10 0 4 868 573 123 134 -1 -1 -1 -1 
11 2 1 389 71 130 168 -1 -1 -1 -1 
11 0 2 948 526 97 113 -1 -1 -1 -1 
11 0 4 869 575 121 131 -1 -1 -1 -1 
12 2 1 396 82 126 164 -1 -1 -1 -1 
12 0 2 928 497 85 111 -1 -1 -1 -1 
12 0 4 834 525 136 147 -1 -1 -1 -1 
12 0 5 300 184 58 93 -1 -1 -1 -1 
13 2 1 396 83 126 164 -1 -1 -1 -1 
13 0 2 929 496 83 111 -1 -1 -1 -1 
13 0 4 833 523 137 149 -1 -1 -1 -1 
13 0 5 299 185 60 93 -1 -1 -1 -1 
14 2 1 397 83 125 164 -1 -1 -1 -1 
14 0 2 929 496 83 111 -1 -1 -1 -1 
14 0 4 833 523 138 150 -1 -1 -1 -1 
14 0 5 299 184 60 94 -1 -1 -1 -1 
14 0 7 702 317 89 113 -1 -1 -1 -1 
15 2 1 397 85 127 163 -1 -1 -1 -1 
15 0 2 920 492 89 94 -1 -1 -1 -1 
15 0 4 824 492 127 155 -1 -1 -1 -1 
15 0 5 300 191 63 94 -1 -1 -1 -1 
15 0 7 697 326 83 95 -1 -1 -1 -1 
16 2 1 397 86 127 162 -1 -1 -1 -1 
16 0 2 921 494 87 91 -1 -1 -1 -1 
16 0 4 823 491 128 156 -1 -1 -1 -1 
16 0 5 299 192 64 93 -1 -1 -1 -1 
16 0 7 698 328 81 91 -1 -1 -1 -1 
17 2 1 394 58 141 191 -1 -1 -1 -1 
17 0 2 893 454 88 100 -1 -1 -1 -1 
17 0 4 816 483 128 159 -1 -1 -1 -1 
17 0 5 304 201 61 111 -1 -1 -1 -1 
18 2 1 392 56 144 193 -1 -1 -1 -1 
18 0 2 893 454 88 100 -1 -1 -1 -1 
18 0 5 304 201 62 113 -1 -1 -1 -1 
19 2 1 391 49 146 206 -1 -1 -1 -1 
19 0 2 891 446 81 101 -1 -1 -1 -1 
19 0 4 787 452 104 130 -1 -1 -1 -1 
19 0 5 303 204 64 116 -1 -1 -1 -1 
19 2 8 362 35 62 60 -1 -1 -1 -1 
20 2 1 390 48 148 208 -1 -1 -1 -1 
20 0 2 891 445 81 102 -1 -1 -1 -1 
20 0 4 787 453 104 128 -1 -1 -1 -1 
20 0 5 302 204 65 117 -1 -1 -1 -1 
20 2 8 363 36 60 60 -1 -1 -1 -1 
21 2 1 390 48 148 208 -1 -1 -1 -1 
21 0 2 890 446 83 101 -1 -1 -1 -1 
21 0 4 788 453 102 128 -1 -1 -1 -1 
21 0 5 303 205 64 115 -1 -1 -1 -1 
21 2 8 363 36 60 60 -1 -1 -1 -1 
22 2 1 397 83 140 185 -1 -1 -1 -1 
22 0 2 866 419 86 99 -1 -1 -1 -1 
22 0 4 758 437 91 115 -1 -1 -1 -1 
22 0 5 302 226 83 113 -1 -1 -1 -1 
23 2 1 397 85 140 186 -1 -1 -1 -1 
23 0 2 867 418 84 99 -1 -1 -1 -1 
23 0 4 759 437 89 113 -1 -1 -1 -1 
23 0 5 302 228 83 113 -1 -1 -1 -1 
24 2 1 399 90 140 184 -1 -1 -1 -1 
24 0 2 870 423 74 88 -1 -1 -1 -1 
25 2 1 399 91 140 183 -1 -1 -1 -1 
25 0 2 870 423 73 87 -1 -1 -1 -1 
26 2 1 399 91 140 183 -1 -1 -1 -1 
26 0 2 871 424 72 86 -1 -1 -1 -1 
27 2 1 398 98 141 179 -1 -1 -1 -1 
27 0 2 842 391 80 88 -1 -1 -1 -1 
27 0 5 314 248 81 138 -1 -1 -1 -1 
28 2 1 398 99 141 179 -1 -1 -1 -1 
28 0 2 841 390 81 88 -1 -1 -1 -1 
28 0 5 313 248 83 139 -1 -1 -1 -1 
29 2 1 390 69 151 210 -1 -1 -1 -1 
29 0 2 840 383 82 91 -1 -1 -1 -1 
29 0 5 313 263 86 140 -1 -1 -1 -1 
29 2 8 361 40 66 64 -1 -1 -1 -1 
29 2 9 371 51 44 45 -1 -1 -1 -1 
30 2 1 389 69 153 210 -1 -1 -1 -1 
30 0 2 840 382 82 92 -1 -1 -1 -1 
30 0 5 313 264 86 140 -1 -1 -1 -1 
30 2 8 360 40 68 65 -1 -1 -1 -1 
30 2 9 370 50 46 47 -1 -1 -1 -1 
31 2 1 388 66 158 228 -1 -1 -1 -1 
31 0 2 821 374 84 78 -1 -1 -1 -1 
31 0 5 321 290 92 149 -1 -1 -1 -1 
31 2 8 360 40 68 65 -1 -1 -1 -1 
32 2 1 388 67 158 228 -1 -1 -1 -1 
32 0 2 823 377 81 74 -1 -1 -1 -1 
32 0 5 321 289 93 152 -1 -1 -1 -1 
32 0 10 876 577 151 133 -1 -1 -1 -1 
33 2 1 388 68 159 228 -1 -1 -1 -1 
33 0 2 824 378 79 72 -1 -1 -1 -1 
33 0 5 320 289 94 152 -1 -1 -1 -1 
33 0 10 876 578 151 133 -1 -1 -1 -1 
34 2 1 392 69 157 228 -1 -1 -1 -1 
34 0 2 819 373 79 71 -1 -1 -1 -1 
34 0 5 321 295 104 163 -1 -1 -1 -1 
35 2 1 392 70 157 227 -1 -1 -1 -1 
35 0 5 320 295 106 163 -1 -1 -1 -1 
35 0 10 875 557 145 143 -1 -1 -1 -1 
36 2 1 394 61 151 244 -1 -1 -1 -1 
36 0 2 798 346 82 80 -1 -1 -1 -1 
36 0 5 334 349 106 155 -1 -1 -1 -1 
36 0 10 840 515 144 136 -1 -1 -1 -1 
37 2 1 393 61 153 245 -1 -1 -1 -1 
37 0 2 797 346 84 80 -1 -1 -1 -1 
37 0 5 335 351 105 154 -1 -1 -1 -1 
37 0 10 841 516 142 135 -1 -1 -1 -1 
38 2 1 393 60 153 246 -1 -1 -1 -1 
38 0 2 798 346 82 80 -1 -1 -1 -1 
38 0 5 335 352 105 153 -1 -1 -1 -1 
38 0 10 841 516 142 135 -1 -1 -1 -1 
39 2 1 399 81 153 217 -1 -1 -1 -1 
39 0 2 799 349 75 70 -1 -1 -1 -1 
39 0 5 340 355 111 168 -1 -1 -1 -1 
39 0 10 828 511 140 127 -1 -1 -1 -1 
40 2 1 401 84 151 214 -1 -1 -1 -1 
40 0 2 799 349 74 69 -1 -1 -1 -1 
40 0 5 340 354 113 170 -1 -1 -1 -1 
40 0 10 830 512 137 125 -1 -1 -1 -1 
41 2 1 393 86 168 213 -1 -1 -1 -1 
41 0 2 796 346 73 68 -1 -1 -1 -1 
41 0 5 357 408 116 182 -1 -1 -1 -1 
41 2 9 368 58 55 44 -1 -1 -1 -1 
41 0 10 811 474 125 120 -1 -1 -1 -1 
42 2 1 394 87 167 212 -1 -1 -1 -1 
42 0 5 358 408 115 184 -1 -1 -1 -1 
42 2 9 368 59 55 43 -1 -1 -1 -1 
42 0 10 811 474 125 120 -1 -1 -1 -1 
43 2 1 392 91 167 209 -1 -1 -1 -1 
43 0 5 373 417 116 189 -1 -1 -1 -1 
43 2 9 368 59 55 43 -1 -1 -1 -1 
43 0 10 808 460 110 123 -1 -1 -1 -1 
43 0 11 1100 651 133 60 -1 -1 -1 -1 
44 2 1 393 93 166 208 -1 -1 -1 -1 
44 0 5 373 417 117 189 -1 -1 -1 -1 
44 0 10 807 460 112 124 -1 -1 -1 -1 
44 0 11 1101 652 131 58 -1 -1 -1 -1 
44 0 12 645 273 69 97 -1 -1 -1 -1 
45 2 1 394 93 164 208 -1 -1 -1 -1 
45 0 5 373 416 117 190 -1 -1 -1 -1 
45 0 10 807 460 112 125 -1 -1 -1 -1 
45 0 11 1101 652 131 58 -1 -1 -1 -1 
45 0 12 645 273 69 97 -1 -1 -1 -1 
46 2 1 389 85 180 230 -1 -1 -1 -1 
46 0 5 376 424 119 194 -1 -1 -1 -1 
47 2 1 388 86 182 231 -1 -1 -1 -1 
47 0 10 790 452 86 81 -1 -1 -1 -1 
48 2 1 387 88 184 230 -1 -1 -1 -1 
48 0 10 784 445 81 76 -1 -1 -1 -1 
49 2 1 387 88 184 230 -1 -1 -1 -1 
49 0 12 627 253 57 71 -1 -1 -1 -1 
50 2 1 387 88 184 230 -1 -1 -1 -1 
50 0 12 627 253 57 71 -1 -1 -1 -1 
51 2 1 400 80 164 258 -1 -1 -1 -1 
51 0 12 613 233 51 72 -1 -1 -1 -1 
52 2 1 399 80 166 260 -1 -1 -1 -1 
52 0 12 613 232 51 72 -1 -1 -1 -1 
53 2 1 407 78 153 266 -1 -1 -1 -1 
53 0 12 609 227 50 71 -1 -1 -1 -1 
54 2 1 407 78 154 266 -1 -1 -1 -1 
54 0 13 1044 591 118 118 -1 -1 -1 -1 
55 2 1 395 75 173 273 -1 -1 -1 -1 
55 0 10 719 343 93 97 -1 -1 -1 -1 
55 0 13 1023 562 107 125 -1 -1 -1 -1 
56 2 1 395 75 173 273 -1 -1 -1 -1 
56 0 10 718 342 95 98 -1 -1 -1 -1 
56 0 13 1006 567 133 83 -1 -1 -1 -1 
57 2 1 395 74 174 274 -1 -1 -1 -1 
57 0 10 718 342 95 98 -1 -1 -1 -1 
57 0 13 1011 570 123 77 -1 -1 -1 -1 
58 2 1 395 74 176 276 -1 -1 -1 -1 
58 0 10 712 334 94 99 -1 -1 -1 -1 
58 0 12 589 202 54 68 -1 -1 -1 -1 
59 2 1 395 74 176 276 -1 -1 -1 -1 
59 0 12 589 201 54 69 -1 -1 -1 -1 
59 0 13 1009 538 121 160 -1 -1 -1 -1 
60 2 1 399 103 205 270 -1 -1 -1 -1 
60 0 10 692 314 89 95 -1 -1 -1 -1 
60 0 12 585 197 55 68 -1 -1 -1 -1 
61 2 1 399 109 206 268 -1 -1 -1 -1 
61 0 10 692 314 89 94 -1 -1 -1 -1 
61 0 13 994 540 116 122 -1 -1 -1 -1 
62 2 1 399 110 206 267 -1 -1 -1 -1 
62 0 10 692 314 89 94 -1 -1 -1 -1 
62 0 13 995 541 114 120 -1 -1 -1 -1 
63 2 1 390 114 200 256 -1 -1 -1 -1 
63 0 10 681 307 104 91 -1 -1 -1 -1 
63 0 13 982 530 119 126 -1 -1 -1 -1 
64 2 1 390 114 200 256 -1 -1 -1 -1 
64 0 10 681 307 104 90 -1 -1 -1 -1 
64 0 13 982 530 120 126 -1 -1 -1 -1 
65 2 1 408 156 208 231 -1 -1 -1 -1 
65 0 10 671 290 79 90 -1 -1 -1 -1 
66 2 1 410 161 207 228 -1 -1 -1 -1 
66 0 10 671 288 78 91 -1 -1 -1 -1 
67 2 1 415 127 193 274 -1 -1 -1 -1 
67 0 10 669 282 72 90 -1 -1 -1 -1 
67 0 13 953 489 115 129 -1 -1 -1 -1 
68 2 1 414 123 196 279 -1 -1 -1 -1 
68 0 10 668 281 73 91 -1 -1 -1 -1 
68 0 13 952 489 116 129 -1 -1 -1 -1 
69 2 1 413 124 197 279 -1 -1 -1 -1 
69 0 10 668 282 75 90 -1 -1 -1 -1 
69 0 13 952 488 116 130 -1 -1 -1 -1 
70 2 1 410 198 194 209 -1 -1 -1 -1 
70 0 10 664 277 74 91 -1 -1 -1 -1 
71 2 1 413 116 192 309 -1 -1 -1 -1 
72 2 1 389 133 222 280 -1 -1 -1 -1 
72 0 14 1113 646 129 63 -1 -1 -1 -1 
73 2 1 389 134 220 278 -1 -1 -1 -1 
73 0 14 1112 645 131 65 -1 -1 -1 -1 
74 2 1 390 134 219 277 -1 -1 -1 -1 
74 0 14 1111 645 132 65 -1 -1 -1 -1 
75 2 1 422 218 191 222 -1 -1 -1 -1 
75 0 13 926 474 86 95 -1 -1 -1 -1 
75 0 14 1083 621 159 94 -1 -1 -1 -1 
76 2 1 423 222 190 219 -1 -1 -1 -1 
76 0 13 926 474 86 95 -1 -1 -1 -1 
76 0 14 1079 619 167 98 -1 -1 -1 -1 
77 2 1 426 224 190 219 -1 -1 -1 -1 
78 2 1 427 224 190 219 -1 -1 -1 -1 
79 2 1 412 144 203 284 -1 -1 -1 -1 
79 0 13 908 449 77 84 -1 -1 -1 -1 
80 2 1 409 138 208 291 -1 -1 -1 -1 
80 0 13 909 450 75 82 -1 -1 -1 -1 
81 2 1 409 136 208 293 -1 -1 -1 -1 
81 0 13 909 450 75 82 -1 -1 -1 -1 
81 0 16 244 225 84 158 -1 -1 -1 -1 
81 0 17 1070 584 122 123 -1 -1 -1 -1 
82 2 1 414 132 213 346 -1 -1 -1 -1 
82 0 13 904 445 75 82 -1 -1 -1 -1 
82 0 16 241 226 90 160 -1 -1 -1 -1 
82 0 17 1062 576 113 133 -1 -1 -1 -1 
83 2 1 411 131 219 356 -1 -1 -1 -1 
83 0 16 241 226 91 161 -1 -1 -1 -1 
83 0 17 1061 576 115 134 -1 -1 -1 -1 
84 2 1 417 236 223 253 -1 -1 -1 -1 
84 0 16 239 260 91 156 -1 -1 -1 -1 
84 0 17 1032 544 117 135 -1 -1 -1 -1 
85 2 1 420 243 218 247 -1 -1 -1 -1 
85 0 16 240 260 89 158 -1 -1 -1 -1 
85 0 17 1032 544 117 135 -1 -1 -1 -1 
86 2 1 420 244 218 246 -1 -1 -1 -1 
86 0 16 239 260 90 158 -1 -1 -1 -1 
86 0 17 1032 544 117 135 -1 -1 -1 -1 
86 2 19 380 74 80 68 -1 -1 -1 -1 
87 2 1 418 155 220 358 -1 -1 -1 -1 
87 0 16 241 259 90 167 -1 -1 -1 -1 
87 0 17 1025 535 114 134 -1 -1 -1 -1 
87 2 19 374 72 98 66 -1 -1 -1 -1 
88 2 1 409 235 241 253 -1 -1 -1 -1 
88 0 16 240 259 92 168 -1 -1 -1 -1 
88 0 17 1025 535 114 134 -1 -1 -1 -1 
88 2 19 374 73 98 64 -1 -1 -1 -1 
89 2 1 410 146 240 358 -1 -1 -1 -1 
89 0 13 855 398 80 81 -1 -1 -1 -1 
89 0 16 241 286 84 179 -1 -1 -1 -1 
89 0 17 1005 508 111 132 -1 -1 -1 -1 
89 2 19 369 77 106 63 -1 -1 -1 -1 
90 2 1 407 139 246 369 -1 -1 -1 -1 
90 0 13 855 398 79 81 -1 -1 -1 -1 
90 0 16 240 287 86 180 -1 -1 -1 -1 
90 0 17 1005 508 111 131 -1 -1 -1 -1 
90 2 19 370 78 104 62 -1 -1 -1 -1 
91 2 1 401 135 259 379 -1 -1 -1 -1 
91 0 13 849 393 80 81 -1 -1 -1 -1 
91 0 16 235 311 93 172 -1 -1 -1 -1 
91 0 17 1003 498 104 135 -1 -1 -1 -1 
92 2 1 402 135 257 380 -1 -1 -1 -1 
92 0 16 234 312 94 172 -1 -1 -1 -1 
92 0 17 1002 497 106 136 -1 -1 -1 -1 
92 2 19 373 77 103 68 -1 -1 -1 -1 
93 2 1 402 135 257 380 -1 -1 -1 -1 
93 0 16 234 312 94 172 -1 -1 -1 -1 
93 0 17 1002 497 106 137 -1 -1 -1 -1 
93 2 19 373 78 103 67 -1 -1 -1 -1 
94 2 1 402 160 269 399 -1 -1 -1 -1 
94 0 16 238 328 92 207 -1 -1 -1 -1 
94 0 17 979 486 100 130 -1 -1 -1 -1 
94 2 19 377 78 97 72 -1 -1 -1 -1 
95 2 1 402 162 270 402 -1 -1 -1 -1 
95 0 16 237 327 95 211 -1 -1 -1 -1 
95 0 17 979 486 100 130 -1 -1 -1 -1 
95 2 19 376 78 99 73 -1 -1 -1 -1 
96 2 1 429 168 241 400 -1 -1 -1 -1 
96 0 16 237 333 95 217 -1 -1 -1 -1 
96 0 17 964 480 109 117 -1 -1 -1 -1 
96 2 19 379 77 95 74 -1 -1 -1 -1 
97 2 1 429 169 243 399 -1 -1 -1 -1 
97 0 17 965 480 107 116 -1 -1 -1 -1 
97 2 19 380 78 92 73 -1 -1 -1 -1 
98 2 1 429 169 243 399 -1 -1 -1 -1 
98 0 17 966 481 106 115 -1 -1 -1 -1 
98 2 19 379 77 94 75 -1 -1 -1 -1 
98 0 20 826 366 86 86 -1 -1 -1 -1 
99 2 1 441 295 238 277 -1 -1 -1 -1 
99 0 17 948 466 104 113 -1 -1 -1 -1 
99 2 19 386 78 83 82 -1 -1 -1 -1 
100 2 1 442 300 237 274 -1 -1 -1 -1 
100 0 17 949 466 102 112 -1 -1 -1 -1 
100 2 19 385 77 85 84 -1 -1 -1 -1 
101 2 1 442 304 250 282 -1 -1 -1 -1 
101 0 17 943 457 103 114 -1 -1 -1 -1 
101 2 19 377 87 101 73 -1 -1 -1 -1 
102 2 1 442 305 251 282 -1 -1 -1 -1 
102 0 17 943 456 103 115 -1 -1 -1 -1 
102 2 19 377 88 101 72 -1 -1 -1 -1 
103 2 1 435 332 258 283 -1 -1 -1 -1 
103 0 17 917 447 112 102 -1 -1 -1 -1 
103 2 19 380 87 101 77 -1 -1 -1 -1 
103 0 20 796 331 91 84 -1 -1 -1 -1 
104 2 1 435 333 259 283 -1 -1 -1 -1 
104 0 17 917 448 111 100 -1 -1 -1 -1 
104 2 19 380 87 101 79 -1 -1 -1 -1 
104 0 20 797 330 89 84 -1 -1 -1 -1 
105 2 1 435 333 259 283 -1 -1 -1 -1 
105 0 17 918 449 109 98 -1 -1 -1 -1 
105 2 19 379 87 103 79 -1 -1 -1 -1 
105 0 20 797 330 89 84 -1 -1 -1 -1 
106 2 1 428 349 289 286 -1 -1 -1 -1 
106 0 17 917 433 100 113 -1 -1 -1 -1 
106 2 19 388 88 92 81 -1 -1 -1 -1 
106 0 20 794 328 88 78 -1 -1 -1 -1 
107 2 1 428 350 290 285 -1 -1 -1 -1 
107 0 17 917 433 101 113 -1 -1 -1 -1 
107 2 19 387 89 94 81 -1 -1 -1 -1 
107 0 20 795 328 87 77 -1 -1 -1 -1 
108 2 1 442 365 280 285 -1 -1 -1 -1 
108 0 17 911 428 103 114 -1 -1 -1 -1 
108 2 19 393 93 84 80 -1 -1 -1 -1 
109 2 1 443 366 280 285 -1 -1 -1 -1 
109 2 19 394 94 83 79 -1 -1 -1 -1 
110 2 1 443 366 280 285 -1 -1 -1 -1 
110 2 19 393 91 86 81 -1 -1 -1 -1 
110 0 21 333 160 54 75 -1 -1 -1 -1 
111 2 1 455 372 259 300 -1 -1 -1 -1 
111 2 19 394 94 83 78 -1 -1 -1 -1 
111 0 21 332 159 56 82 -1 -1 -1 -1 
112 2 1 455 372 260 301 -1 -1 -1 -1 
112 2 19 394 95 83 77 -1 -1 -1 -1 
112 0 21 331 158 58 84 -1 -1 -1 -1 
113 2 1 449 401 296 282 -1 -1 -1 -1 
113 2 19 396 101 86 77 -1 -1 -1 -1 
113 0 20 775 307 74 71 -1 -1 -1 -1 
114 2 1 450 402 295 281 -1 -1 -1 -1 
114 2 19 396 102 87 77 -1 -1 -1 -1 
114 0 20 775 307 74 71 -1 -1 -1 -1 
115 2 1 453 420 285 270 -1 -1 -1 -1 
115 2 19 395 103 90 77 -1 -1 -1 -1 
116 2 1 454 421 283 269 -1 -1 -1 -1 
116 2 19 396 102 88 78 -1 -1 -1 -1 
117 2 1 454 421 283 269 -1 -1 -1 -1 
117 2 19 395 102 90 78 -1 -1 -1 -1 
118 2 1 457 427 291 278 -1 -1 -1 -1 
118 2 19 386 100 113 85 -1 -1 -1 -1 
119 2 1 458 427 291 278 -1 -1 -1 -1 
119 2 19 385 100 115 86 -1 -1 -1 -1 
120 2 1 465 437 293 265 -1 -1 -1 -1 
120 2 19 383 99 120 85 -1 -1 -1 -1 
121 2 1 462 426 284 281 -1 -1 -1 -1 
121 2 19 383 99 119 84 -1 -1 -1 -1 
122 2 1 462 426 285 282 -1 -1 -1 -1 
122 2 19 383 99 119 84 -1 -1 -1 -1 
123 2 1 470 434 322 284 -1 -1 -1 -1 
123 2 19 393 106 103 87 -1 -1 -1 -1 
123 0 21 358 193 66 94 -1 -1 -1 -1 
124 2 1 471 435 322 284 -1 -1 -1 -1 
124 2 19 393 106 103 88 -1 -1 -1 -1 
124 0 21 358 194 66 93 -1 -1 -1 -1 
125 2 1 468 449 333 270 -1 -1 -1 -1 
125 2 19 394 107 99 91 -1 -1 -1 -1 
125 0 21 362 200 65 91 -1 -1 -1 -1 
126 2 1 469 450 332 269 -1 -1 -1 -1 
126 2 19 394 107 99 93 -1 -1 -1 -1 
126 0 21 361 201 66 90 -1 -1 -1 -1 
127 2 1 490 484 307 235 -1 -1 -1 -1 
127 2 19 395 109 107 95 -1 -1 -1 -1 
128 2 1 492 485 303 234 -1 -1 -1 -1 
128 2 19 394 110 109 95 -1 -1 -1 -1 
129 2 1 494 486 301 233 -1 -1 -1 -1 
129 2 19 394 110 108 95 -1 -1 -1 -1 
130 2 1 495 490 299 229 -1 -1 -1 -1 
130 2 19 396 111 100 96 -1 -1 -1 -1 
131 2 1 495 490 298 229 -1 -1 -1 -1 
131 2 19 395 111 102 97 -1 -1 -1 -1 
132 2 1 495 521 324 198 -1 -1 -1 -1 
132 0 17 798 325 95 88 -1 -1 -1 -1 
132 2 19 399 109 110 106 -1 -1 -1 -1 
133 2 1 497 521 320 198 -1 -1 -1 -1 
133 0 17 799 326 93 86 -1 -1 -1 -1 
133 2 19 398 108 112 108 -1 -1 -1 -1 
134 2 1 497 522 320 197 -1 -1 -1 -1 
134 0 17 799 326 93 86 -1 -1 -1 -1 
134 2 19 398 108 112 108 -1 -1 -1 -1 
135 2 1 492 530 336 189 -1 -1 -1 -1 
135 0 17 784 319 108 66 -1 -1 -1 -1 
135 2 19 400 112 114 103 -1 -1 -1 -1 
136 2 1 492 531 335 187 -1 -1 -1 -1 
136 0 17 787 321 102 62 -1 -1 -1 -1 
136 2 19 400 113 114 103 -1 -1 -1 -1 
137 2 1 506 574 330 145 -1 -1 -1 -1 
138 2 1 512 577 319 140 -1 -1 -1 -1 
139 2 1 509 583 328 136 -1 -1 -1 -1 
139 2 19 402 119 113 105 -1 -1 -1 -1 
140 2 1 509 583 327 136 -1 -1 -1 -1 
140 2 19 402 120 113 105 -1 -1 -1 -1 
141 2 1 509 583 328 136 -1 -1 -1 -1 
141 2 19 402 120 113 105 -1 -1 -1 -1 
142 2 1 514 590 323 129 -1 -1 -1 -1 
142 0 17 766 307 91 71 -1 -1 -1 -1 
143 0 17 766 306 91 72 -1 -1 -1 -1 
143 2 19 413 124 96 110 -1 -1 -1 -1 
144 0 17 764 305 86 70 -1 -1 -1 -1 
144 2 19 401 124 120 118 -1 -1 -1 -1 
145 0 17 764 305 86 69 -1 -1 -1 -1 
145 2 19 400 123 122 120 -1 -1 -1 -1 
146 0 17 765 305 84 68 -1 -1 -1 -1 
146 2 19 400 123 122 120 -1 -1 -1 -1 
147 0 17 762 304 85 67 -1 -1 -1 -1 
148 2 19 409 130 119 124 -1 -1 -1 -1 
149 2 19 409 131 119 125 -1 -1 -1 -1 
150 2 19 408 132 120 124 -1 -1 -1 -1 
151 2 19 414 128 112 138 -1 -1 -1 -1 
152 2 19 413 127 114 140 -1 -1 -1 -1 
153 2 19 413 127 114 140 -1 -1 -1 -1 
153 0 23 326 174 64 115 -1 -1 -1 -1 
154 0 17 742 276 73 70 -1 -1 -1 -1 
154 2 19 408 134 134 132 -1 -1 -1 -1 
154 0 23 327 175 65 115 -1 -1 -1 -1 
155 0 17 741 275 74 71 -1 -1 -1 -1 
155 2 19 408 135 134 131 -1 -1 -1 -1 
155 0 23 326 174 66 117 -1 -1 -1 -1 
156 0 17 737 264 68 75 -1 -1 -1 -1 
156 2 19 421 146 110 126 -1 -1 -1 -1 
156 0 23 331 188 63 109 -1 -1 -1 -1 
157 0 17 737 263 68 76 -1 -1 -1 -1 
157 2 19 421 147 110 125 -1 -1 -1 -1 
157 0 23 332 190 61 107 -1 -1 -1 -1 
158 0 17 736 263 70 77 -1 -1 -1 -1 
158 2 19 421 147 110 125 -1 -1 -1 -1 
158 0 23 332 190 61 107 -1 -1 -1 -1 
159 0 17 735 264 69 74 -1 -1 -1 -1 
159 2 19 414 144 135 134 -1 -1 -1 -1 
159 0 23 332 202 62 102 -1 -1 -1 -1 
160 0 17 735 264 69 74 -1 -1 -1 -1 
160 2 19 413 144 137 135 -1 -1 -1 -1 
160 0 23 332 203 61 101 -1 -1 -1 -1 
161 0 17 734 262 67 74 -1 -1 -1 -1 
161 2 19 413 145 139 151 -1 -1 -1 -1 
162 2 19 412 144 141 153 -1 -1 -1 -1 
162 0 23 334 205 63 118 -1 -1 -1 -1 
163 2 19 412 149 142 152 -1 -1 -1 -1 
163 0 23 332 206 68 119 -1 -1 -1 -1 
164 2 19 412 149 142 152 -1 -1 -1 -1 
164 0 23 331 206 70 120 -1 -1 -1 -1 
165 2 19 412 149 142 152 -1 -1 -1 -1 
165 0 23 331 206 70 120 -1 -1 -1 -1 
166 0 17 723 251 61 65 -1 -1 -1 -1 
166 2 19 408 153 150 152 -1 -1 -1 -1 
166 0 23 341 218 70 123 -1 -1 -1 -1 
167 0 17 723 252 60 63 -1 -1 -1 -1 
167 2 19 408 154 150 151 -1 -1 -1 -1 
167 0 23 341 219 71 123 -1 -1 -1 -1 
168 0 17 722 249 59 62 -1 -1 -1 -1 
168 2 19 413 162 151 148 -1 -1 -1 -1 
168 0 23 341 204 73 142 -1 -1 -1 -1 
169 0 17 723 250 57 60 -1 -1 -1 -1 
169 2 19 413 163 151 147 -1 -1 -1 -1 
169 0 23 341 204 74 144 -1 -1 -1 -1 
170 0 17 723 249 57 62 -1 -1 -1 -1 
170 2 19 413 164 151 146 -1 -1 -1 -1 
170 0 23 340 203 76 145 -1 -1 -1 -1 
171 0 17 718 238 62 69 -1 -1 -1 -1 
171 2 19 419 169 152 152 -1 -1 -1 -1 
172 0 17 718 237 62 70 -1 -1 -1 -1 
172 2 19 418 169 154 152 -1 -1 -1 -1 
173 0 17 716 236 63 70 -1 -1 -1 -1 
173 2 19 419 170 156 156 -1 -1 -1 -1 
173 0 23 346 236 78 139 -1 -1 -1 -1 
174 0 17 717 236 61 69 -1 -1 -1 -1 
174 2 19 418 170 158 157 -1 -1 -1 -1 
174 0 23 346 237 79 139 -1 -1 -1 -1 
175 0 17 709 238 64 59 -1 -1 -1 -1 
175 2 19 418 173 165 162 -1 -1 -1 -1 
175 0 23 351 253 81 147 -1 -1 -1 -1 
176 0 17 709 237 65 59 -1 -1 -1 -1 
176 2 19 417 173 167 163 -1 -1 -1 -1 
176 0 23 350 254 83 147 -1 -1 -1 -1 
177 0 17 710 238 62 58 -1 -1 -1 -1 
177 2 19 417 173 167 163 -1 -1 -1 -1 
177 0 23 351 254 82 148 -1 -1 -1 -1 
178 0 17 711 235 63 61 -1 -1 -1 -1 
178 2 19 414 174 170 164 -1 -1 -1 -1 
178 0 23 358 264 77 141 -1 -1 -1 -1 
179 0 17 710 234 65 62 -1 -1 -1 -1 
179 2 19 413 174 171 164 -1 -1 -1 -1 
179 0 23 358 264 77 140 -1 -1 -1 -1 
180 0 17 709 233 65 61 -1 -1 -1 -1 
180 2 19 432 186 164 177 -1 -1 -1 -1 
181 2 19 431 187 166 177 -1 -1 -1 -1 
181 0 23 360 259 95 166 -1 -1 -1 -1 
182 2 19 431 186 166 178 -1 -1 -1 -1 
182 0 23 360 258 95 168 -1 -1 -1 -1 
183 2 19 433 187 167 186 -1 -1 -1 -1 
184 0 17 712 221 69 60 -1 -1 -1 -1 
184 2 19 432 187 169 187 -1 -1 -1 -1 
185 0 17 711 218 71 61 -1 -1 -1 -1 
185 2 19 431 189 172 195 -1 -1 -1 -1 
186 2 19 430 189 174 196 -1 -1 -1 -1 
186 0 23 376 274 88 194 -1 -1 -1 -1 
187 2 19 428 199 181 184 -1 -1 -1 -1 
187 0 23 377 297 90 186 -1 -1 -1 -1 
188 2 19 428 200 181 183 -1 -1 -1 -1 
188 0 23 377 298 89 185 -1 -1 -1 -1 
189 2 19 428 200 181 183 -1 -1 -1 -1 
189 0 23 377 299 90 184 -1 -1 -1 -1 
190 2 19 436 206 182 201 -1 -1 -1 -1 
191 2 19 435 206 185 202 -1 -1 -1 -1 
192 2 19 435 208 190 202 -1 -1 -1 -1 
192 0 23 406 322 86 205 -1 -1 -1 -1 
193 2 19 435 209 190 202 -1 -1 -1 -1 
194 2 19 435 209 190 202 -1 -1 -1 -1 
195 2 19 433 213 209 210 -1 -1 -1 -1 
196 2 19 432 212 211 211 -1 -1 -1 -1 
197 2 19 441 227 213 205 -1 -1 -1 -1 
197 0 23 417 357 121 219 -1 -1 -1 -1 
198 2 19 441 228 213 204 -1 -1 -1 -1 
198 0 23 418 357 121 219 -1 -1 -1 -1 
199 2 19 457 229 202 225 -1 -1 -1 -1 
199 0 23 444 383 109 228 -1 -1 -1 -1 
200 2 19 456 229 203 226 -1 -1 -1 -1 
200 0 23 445 384 109 228 -1 -1 -1 -1 
201 2 19 457 229 202 226 -1 -1 -1 -1 
201 0 23 445 385 109 227 -1 -1 -1 -1 
201 0 24 296 225 71 135 -1 -1 -1 -1 
202 2 19 454 230 215 232 -1 -1 -1 -1 
202 0 23 458 418 109 211 -1 -1 -1 -1 
202 0 24 294 232 77 133 -1 -1 -1 -1 
203 2 19 452 229 218 234 -1 -1 -1 -1 
203 0 23 459 420 109 208 -1 -1 -1 -1 
203 0 24 294 234 78 132 -1 -1 -1 -1 
204 2 19 451 237 232 261 -1 -1 -1 -1 
204 0 23 467 452 144 224 -1 -1 -1 -1 
204 0 24 295 236 77 131 -1 -1 -1 -1 
205 2 19 450 236 234 262 -1 -1 -1 -1 
205 0 23 468 452 144 227 -1 -1 -1 -1 
206 2 19 450 236 233 262 -1 -1 -1 -1 
206 0 23 467 452 145 227 -1 -1 -1 -1 
206 0 26 1007 604 120 111 -1 -1 -1 -1 
207 2 19 446 241 249 264 -1 -1 -1 -1 
207 0 23 488 471 121 215 -1 -1 -1 -1 
207 0 26 1000 595 114 113 -1 -1 -1 -1 
208 2 19 446 241 249 265 -1 -1 -1 -1 
208 0 23 489 473 120 212 -1 -1 -1 -1 
208 0 26 999 594 116 115 -1 -1 -1 -1 
209 2 19 455 267 257 254 -1 -1 -1 -1 
209 0 23 551 540 98 179 -1 -1 -1 -1 
209 0 26 956 539 120 129 -1 -1 -1 -1 
210 2 19 455 268 257 254 -1 -1 -1 -1 
210 0 23 553 543 96 176 -1 -1 -1 -1 
210 0 26 955 538 122 131 -1 -1 -1 -1 
211 2 19 461 270 253 262 -1 -1 -1 -1 
211 0 23 563 557 95 162 -1 -1 -1 -1 
211 0 24 314 280 92 158 -1 -1 -1 -1 
212 2 19 460 270 255 263 -1 -1 -1 -1 
212 0 24 313 280 94 159 -1 -1 -1 -1 
212 0 26 946 517 113 142 -1 -1 -1 -1 
213 2 19 460 270 255 263 -1 -1 -1 -1 
213 0 24 313 281 94 158 -1 -1 -1 -1 
213 0 26 946 517 113 142 -1 -1 -1 -1 
214 2 19 479 297 249 261 -1 -1 -1 -1 
214 0 24 311 293 112 169 -1 -1 -1 -1 
214 0 26 912 481 108 141 -1 -1 -1 -1 
215 2 19 479 298 250 261 -1 -1 -1 -1 
215 0 24 312 298 115 172 -1 -1 -1 -1 
216 2 19 484 295 238 281 -1 -1 -1 -1 
216 0 26 899 488 115 115 -1 -1 -1 -1 
217 2 19 483 295 240 282 -1 -1 -1 -1 
217 0 26 901 491 111 110 -1 -1 -1 -1 
218 2 19 483 295 240 282 -1 -1 -1 -1 
218 0 26 902 491 109 109 -1 -1 -1 -1 
218 0 28 1002 655 150 62 -1 -1 -1 -1 
219 2 19 476 302 291 290 -1 -1 -1 -1 
219 0 26 876 453 97 105 -1 -1 -1 -1 
219 0 28 1002 655 150 62 -1 -1 -1 -1 
220 2 19 475 303 293 290 -1 -1 -1 -1 
220 0 26 876 453 96 104 -1 -1 -1 -1 
221 2 19 478 311 294 306 -1 -1 -1 -1 
221 0 24 331 343 99 182 -1 -1 -1 -1 
221 0 26 867 434 89 112 -1 -1 -1 -1 
221 0 29 940 565 134 147 -1 -1 -1 -1 
222 2 19 477 310 296 308 -1 -1 -1 -1 
222 0 24 332 343 98 182 -1 -1 -1 -1 
222 0 26 867 434 89 112 -1 -1 -1 -1 
222 0 29 940 562 134 152 -1 -1 -1 -1 
223 2 19 499 338 281 307 -1 -1 -1 -1 
223 0 24 336 362 107 199 -1 -1 -1 -1 
223 0 26 859 425 89 112 -1 -1 -1 -1 
224 2 19 499 339 282 307 -1 -1 -1 -1 
224 0 24 337 363 108 201 -1 -1 -1 -1 
224 0 29 887 522 124 139 -1 -1 -1 -1 
225 2 19 499 339 282 307 -1 -1 -1 -1 
225 0 24 336 363 109 201 -1 -1 -1 -1 
225 0 29 887 522 124 139 -1 -1 -1 -1 
226 2 19 505 326 297 345 -1 -1 -1 -1 
226 0 24 338 368 110 205 -1 -1 -1 -1 
226 0 26 828 400 99 90 -1 -1 -1 -1 
227 2 19 504 325 301 348 -1 -1 -1 -1 
227 0 26 829 401 97 88 -1 -1 -1 -1 
227 0 29 879 487 116 153 -1 -1 -1 -1 
228 2 19 510 339 325 360 -1 -1 -1 -1 
228 0 24 348 388 122 225 -1 -1 -1 -1 
229 2 19 510 340 326 362 -1 -1 -1 -1 
229 0 24 348 385 122 229 -1 -1 -1 -1 
230 2 19 510 340 326 361 -1 -1 -1 -1 
230 0 24 348 384 122 230 -1 -1 -1 -1 
231 2 19 524 357 318 361 -1 -1 -1 -1 
232 2 19 524 358 318 361 -1 -1 -1 -1 
233 2 19 517 386 346 332 -1 -1 -1 -1 
233 0 23 358 309 83 131 -1 -1 -1 -1 
234 2 19 518 387 344 331 -1 -1 -1 -1 
234 0 23 357 309 83 130 -1 -1 -1 -1 
235 2 19 528 392 353 327 -1 -1 -1 -1 
235 0 23 358 323 83 123 -1 -1 -1 -1 
236 2 19 529 392 351 327 -1 -1 -1 -1 
236 0 23 358 324 81 120 -1 -1 -1 -1 
237 2 19 529 392 351 327 -1 -1 -1 -1 
237 0 23 359 324 80 120 -1 -1 -1 -1 
238 2 19 551 404 349 313 -1 -1 -1 -1 
238 0 23 357 328 82 145 -1 -1 -1 -1 
239 2 19 553 405 347 312 -1 -1 -1 -1 
239 0 23 356 328 83 147 -1 -1 -1 -1 
240 2 19 550 407 358 312 -1 -1 -1 -1 
240 0 23 357 330 88 149 -1 -1 -1 -1 
240 0 30 540 255 83 120 -1 -1 -1 -1 
241 2 19 550 407 360 312 -1 -1 -1 -1 
241 0 23 357 330 89 149 -1 -1 -1 -1 
241 0 30 539 253 84 123 -1 -1 -1 -1 
242 2 19 550 407 360 312 -1 -1 -1 -1 
242 0 23 357 330 88 149 -1 -1 -1 -1 
242 0 30 539 252 84 124 -1 -1 -1 -1 
242 0 31 480 262 129 142 -1 -1 -1 -1 
243 2 19 565 434 352 285 -1 -1 -1 -1 
243 0 23 359 351 85 158 -1 -1 -1 -1 
243 0 30 560 288 93 114 -1 -1 -1 -1 
243 0 31 480 262 129 142 -1 -1 -1 -1 
244 2 19 566 434 350 285 -1 -1 -1 -1 
244 0 23 358 350 88 160 -1 -1 -1 -1 
244 0 30 560 289 93 113 -1 -1 -1 -1 
245 2 19 566 449 358 270 -1 -1 -1 -1 
245 0 23 359 365 97 157 -1 -1 -1 -1 
245 0 30 568 287 91 123 -1 -1 -1 -1 
245 0 32 666 306 114 84 -1 -1 -1 -1 
246 2 19 567 449 356 270 -1 -1 -1 -1 
246 0 23 359 366 97 157 -1 -1 -1 -1 
246 0 30 567 286 92 126 -1 -1 -1 -1 
246 0 32 668 307 111 82 -1 -1 -1 -1 
247 2 19 592 495 350 224 -1 -1 -1 -1 
247 0 23 366 376 98 177 -1 -1 -1 -1 
247 0 30 586 309 113 130 -1 -1 -1 -1 
248 2 19 594 496 347 223 -1 -1 -1 -1 
248 0 23 365 377 100 179 -1 -1 -1 -1 
248 0 30 587 308 112 132 -1 -1 -1 -1 
249 2 19 594 496 347 223 -1 -1 -1 -1 
249 0 23 365 376 100 180 -1 -1 -1 -1 
249 0 30 587 307 112 133 -1 -1 -1 -1 
250 2 19 591 489 371 230 -1 -1 -1 -1 
250 0 23 368 380 98 183 -1 -1 -1 -1 
250 0 30 596 291 122 162 -1 -1 -1 -1 
251 2 19 591 489 372 230 -1 -1 -1 -1 
251 0 23 368 383 100 187 -1 -1 -1 -1 
251 0 30 594 289 126 167 -1 -1 -1 -1 
252 2 19 598 522 357 197 -1 -1 -1 -1 
252 0 23 369 415 108 178 -1 -1 -1 -1 
252 0 30 625 340 115 159 -1 -1 -1 -1 
252 0 34 494 179 62 96 -1 -1 -1 -1 
253 2 19 599 523 355 196 -1 -1 -1 -1 
253 0 23 369 416 108 177 -1 -1 -1 -1 
253 0 30 625 342 114 158 -1 -1 -1 -1 
253 0 34 493 178 64 98 -1 -1 -1 -1 
254 2 19 599 523 355 196 -1 -1 -1 -1 
254 0 23 369 417 108 176 -1 -1 -1 -1 
254 0 30 625 342 114 158 -1 -1 -1 -1 
254 0 34 493 178 64 98 -1 -1 -1 -1 
254 0 35 355 167 59 78 -1 -1 -1 -1 
255 2 19 623 545 341 174 -1 -1 -1 -1 
255 0 23 377 413 103 191 -1 -1 -1 -1 
255 0 30 641 341 108 171 -1 -1 -1 -1 
255 0 34 498 188 59 87 -1 -1 -1 -1 
255 0 35 357 169 56 78 -1 -1 -1 -1 
256 2 19 624 546 339 173 -1 -1 -1 -1 
256 0 23 376 413 106 192 -1 -1 -1 -1 
256 0 30 640 340 111 173 -1 -1 -1 -1 
256 0 34 498 188 59 87 -1 -1 -1 -1 
256 0 35 356 169 58 79 -1 -1 -1 -1 
257 2 19 644 587 323 132 -1 -1 -1 -1 
257 0 23 385 437 115 205 -1 -1 -1 -1 
257 0 30 666 395 130 163 -1 -1 -1 -1 
257 0 31 515 371 103 189 -1 -1 -1 -1 
257 0 34 506 193 57 87 -1 -1 -1 -1 
257 0 35 360 181 57 85 -1 -1 -1 -1 
258 2 19 646 588 319 131 -1 -1 -1 -1 
258 0 23 384 438 117 206 -1 -1 -1 -1 
258 0 30 667 397 129 162 -1 -1 -1 -1 
258 0 31 514 372 105 189 -1 -1 -1 -1 
258 0 34 506 193 57 87 -1 -1 -1 -1 
258 0 35 359 181 59 86 -1 -1 -1 -1 
259 2 19 656 633 320 86 -1 -1 -1 -1 
259 0 23 381 467 121 190 -1 -1 -1 -1 
259 0 30 696 401 118 183 -1 -1 -1 -1 
259 0 31 532 392 90 174 -1 -1 -1 -1 
259 0 34 508 197 59 85 -1 -1 -1 -1 
259 0 35 360 184 58 86 -1 -1 -1 -1 
260 2 19 658 634 316 85 -1 -1 -1 -1 
260 0 23 381 469 121 188 -1 -1 -1 -1 
260 0 30 694 401 121 185 -1 -1 -1 -1 
260 0 31 533 392 89 173 -1 -1 -1 -1 
260 0 34 508 198 59 84 -1 -1 -1 -1 
260 0 35 360 185 58 85 -1 -1 -1 -1 
261 2 19 658 634 316 85 -1 -1 -1 -1 
261 0 23 381 470 121 187 -1 -1 -1 -1 
261 0 30 694 400 121 186 -1 -1 -1 -1 
261 0 31 533 394 89 171 -1 -1 -1 -1 
261 0 34 509 199 57 83 -1 -1 -1 -1 
261 0 35 360 185 58 85 -1 -1 -1 -1 
262 2 19 673 644 294 75 -1 -1 -1 -1 
262 0 23 382 476 122 188 -1 -1 -1 -1 
262 0 30 736 454 134 185 -1 -1 -1 -1 
263 0 30 736 455 135 185 -1 -1 -1 -1 
263 0 31 546 426 92 187 -1 -1 -1 -1 
263 0 35 362 192 62 90 -1 -1 -1 -1 
264 0 30 758 460 129 198 -1 -1 -1 -1 
264 0 31 551 432 94 190 -1 -1 -1 -1 
264 0 35 362 194 63 91 -1 -1 -1 -1 
265 0 30 758 459 130 200 -1 -1 -1 -1 
265 0 31 550 432 96 191 -1 -1 -1 -1 
265 0 35 362 195 63 90 -1 -1 -1 -1 
266 0 30 757 458 131 201 -1 -1 -1 -1 
266 0 31 551 432 95 192 -1 -1 -1 -1 
266 0 35 362 195 63 90 -1 -1 -1 -1 
267 0 30 799 538 162 164 -1 -1 -1 -1 
267 0 31 567 457 104 202 -1 -1 -1 -1 
267 0 34 525 215 67 98 -1 -1 -1 -1 
267 0 35 367 203 59 104 -1 -1 -1 -1 
268 0 30 801 541 159 160 -1 -1 -1 -1 
268 0 31 568 457 104 203 -1 -1 -1 -1 
268 0 34 524 215 70 99 -1 -1 -1 -1 
268 0 35 367 203 60 106 -1 -1 -1 -1 
269 0 30 813 556 163 159 -1 -1 -1 -1 
269 0 31 572 464 104 206 -1 -1 -1 -1 
270 0 34 526 216 68 99 -1 -1 -1 -1 
270 0 35 366 204 62 109 -1 -1 -1 -1 
271 0 34 527 217 69 100 -1 -1 -1 -1 
272 0 35 364 227 71 100 -1 -1 -1 -1 
273 0 35 364 228 71 99 -1 -1 -1 -1 
274 0 35 364 232 76 99 -1 -1 -1 -1 
275 0 35 364 233 76 98 -1 -1 -1 -1 
276 0 34 546 245 74 102 -1 -1 -1 -1 
276 0 35 370 244 71 106 -1 -1 -1 -1 
277 0 34 546 246 73 102 -1 -1 -1 -1 
277 0 35 369 244 73 107 -1 -1 -1 -1 
278 0 34 547 245 72 103 -1 -1 -1 -1 
278 0 35 369 244 73 107 -1 -1 -1 -1 
279 0 34 554 250 72 100 -1 -1 -1 -1 
279 0 35 371 242 74 115 -1 -1 -1 -1 
280 0 34 554 251 72 99 -1 -1 -1 -1 
280 0 35 371 241 75 117 -1 -1 -1 -1 
281 0 34 574 274 69 87 -1 -1 -1 -1 
281 0 35 378 250 80 133 -1 -1 -1 -1 
282 0 34 574 276 69 85 -1 -1 -1 -1 
282 0 35 378 250 81 136 -1 -1 -1 -1 
283 0 34 569 284 83 79 -1 -1 -1 -1 
283 0 35 380 259 80 143 -1 -1 -1 -1 
284 0 34 570 285 81 77 -1 -1 -1 -1 
284 0 35 379 259 82 144 -1 -1 -1 -1 
285 0 34 570 285 81 77 -1 -1 -1 -1 
285 0 35 379 260 82 143 -1 -1 -1 -1 
286 0 34 583 277 74 110 -1 -1 -1 -1 
286 0 35 380 286 86 138 -1 -1 -1 -1 
287 0 34 583 275 75 115 -1 -1 -1 -1 
287 0 35 380 286 86 139 -1 -1 -1 -1 
288 0 34 586 282 79 109 -1 -1 -1 -1 
288 0 35 385 291 81 140 -1 -1 -1 -1 
288 2 38 342 0 47 35 -1 -1 -1 -1 
289 0 34 586 281 78 110 -1 -1 -1 -1 
289 0 35 384 290 83 142 -1 -1 -1 -1 
289 2 38 343 1 45 35 -1 -1 -1 -1 
290 0 34 586 281 78 110 -1 -1 -1 -1 
290 0 35 384 290 83 142 -1 -1 -1 -1 
290 2 38 343 1 45 35 -1 -1 -1 -1 
291 0 34 588 283 79 112 -1 -1 -1 -1 
291 0 35 390 305 102 146 -1 -1 -1 -1 
292 0 35 390 306 103 147 -1 -1 -1 -1 
292 2 38 342 0 48 39 -1 -1 -1 -1 
293 0 35 391 320 94 145 -1 -1 -1 -1 
293 2 38 344 0 43 41 -1 -1 -1 -1 
294 0 35 391 321 95 144 -1 -1 -1 -1 
294 2 38 343 0 45 42 -1 -1 -1 -1 
295 0 34 615 303 94 119 -1 -1 -1 -1 
295 0 35 405 338 94 167 -1 -1 -1 -1 
295 2 38 345 0 46 44 -1 -1 -1 -1 
296 0 34 615 303 95 120 -1 -1 -1 -1 
296 0 35 404 339 96 168 -1 -1 -1 -1 
296 2 38 344 0 48 45 -1 -1 -1 -1 
297 0 34 615 302 95 121 -1 -1 -1 -1 
297 0 35 404 338 96 169 -1 -1 -1 -1 
297 2 38 344 0 48 45 -1 -1 -1 -1 
298 0 34 619 313 93 114 -1 -1 -1 -1 
298 0 35 403 348 106 164 -1 -1 -1 -1 
298 2 38 344 0 50 45 -1 -1 -1 -1 
299 0 34 618 313 93 114 -1 -1 -1 -1 
299 0 35 403 348 106 164 -1 -1 -1 -1 
299 2 38 344 0 50 45 -1 -1 -1 -1 
300 0 34 635 335 98 105 -1 -1 -1 -1 
300 0 35 422 377 105 175 -1 -1 -1 -1 
300 2 38 347 0 49 49 -1 -1 -1 -1 
301 0 34 635 336 98 104 -1 -1 -1 -1 
301 0 35 422 376 106 178 -1 -1 -1 -1 
301 2 38 345 0 52 49 -1 -1 -1 -1 
302 0 34 636 337 97 103 -1 -1 -1 -1 
302 0 35 421 376 108 178 -1 -1 -1 -1 
302 2 38 345 1 52 48 -1 -1 -1 -1 
302 0 39 420 174 58 62 -1 -1 -1 -1 
303 0 34 644 324 86 129 -1 -1 -1 -1 
303 0 35 430 377 106 187 -1 -1 -1 -1 
303 2 38 345 1 52 48 -1 -1 -1 -1 
303 0 39 424 170 58 70 -1 -1 -1 -1 
304 0 34 643 322 88 133 -1 -1 -1 -1 
304 0 35 429 377 108 188 -1 -1 -1 -1 
304 2 38 345 2 52 48 -1 -1 -1 -1 
304 0 39 423 169 60 72 -1 -1 -1 -1 
305 0 34 645 323 91 137 -1 -1 -1 -1 
305 0 35 443 411 124 191 -1 -1 -1 -1 
306 0 35 442 412 126 191 -1 -1 -1 -1 
306 2 38 349 6 49 41 -1 -1 -1 -1 
307 0 35 448 440 125 184 -1 -1 -1 -1 
307 2 38 350 6 48 41 -1 -1 -1 -1 
308 0 35 448 442 125 181 -1 -1 -1 -1 
308 2 38 350 7 48 41 -1 -1 -1 -1 
309 0 35 449 443 124 180 -1 -1 -1 -1 
309 2 38 350 7 48 41 -1 -1 -1 -1 
310 0 34 674 362 105 118 -1 -1 -1 -1 
310 0 35 473 468 123 198 -1 -1 -1 -1 
310 2 38 348 11 47 36 -1 -1 -1 -1 
310 0 39 443 203 62 81 -1 -1 -1 -1 
311 0 34 688 360 81 132 -1 -1 -1 -1 
311 0 35 473 469 124 199 -1 -1 -1 -1 
311 2 38 349 11 45 36 -1 -1 -1 -1 
311 0 39 443 203 62 83 -1 -1 -1 -1 
312 0 34 702 374 75 124 -1 -1 -1 -1 
312 0 35 477 477 126 202 -1 -1 -1 -1 
312 2 38 348 11 48 37 -1 -1 -1 -1 
313 0 34 702 374 75 124 -1 -1 -1 -1 
313 2 38 348 11 48 38 -1 -1 -1 -1 
313 0 39 442 215 72 73 -1 -1 -1 -1 
314 0 34 702 374 75 124 -1 -1 -1 -1 
314 2 38 349 11 47 38 -1 -1 -1 -1 
314 0 39 442 216 72 72 -1 -1 -1 -1 
315 0 34 702 384 101 127 -1 -1 -1 -1 
315 2 38 350 11 47 41 -1 -1 -1 -1 
316 0 34 701 384 103 128 -1 -1 -1 -1 
316 2 38 349 12 49 41 -1 -1 -1 -1 
317 0 34 706 384 104 128 -1 -1 -1 -1 
317 2 38 346 10 60 48 -1 -1 -1 -1 
318 0 34 705 384 105 128 -1 -1 -1 -1 
318 2 38 345 10 62 49 -1 -1 -1 -1 
319 0 34 734 405 96 133 -1 -1 -1 -1 
319 2 38 345 13 64 50 -1 -1 -1 -1 
320 0 34 734 405 97 134 -1 -1 -1 -1 
320 2 38 344 14 66 50 -1 -1 -1 -1 
321 0 34 734 405 97 134 -1 -1 -1 -1 
321 2 38 344 14 66 50 -1 -1 -1 -1 
322 0 34 734 404 104 142 -1 -1 -1 -1 
322 2 38 345 12 65 55 -1 -1 -1 -1 
322 0 39 480 250 76 108 -1 -1 -1 -1 
323 0 34 734 403 105 144 -1 -1 -1 -1 
323 2 38 344 12 67 56 -1 -1 -1 -1 
323 0 39 479 249 78 110 -1 -1 -1 -1 
324 0 34 770 427 87 137 -1 -1 -1 -1 
324 2 38 351 19 57 48 -1 -1 -1 -1 
324 0 39 489 264 76 124 -1 -1 -1 -1 
325 0 34 770 427 87 138 -1 -1 -1 -1 
325 2 38 345 16 67 51 -1 -1 -1 -1 
325 0 39 488 264 78 126 -1 -1 -1 -1 
326 0 34 770 427 87 138 -1 -1 -1 -1 
326 2 38 344 16 69 51 -1 -1 -1 -1 
326 0 39 488 263 78 127 -1 -1 -1 -1 
327 0 34 768 428 92 143 -1 -1 -1 -1 
327 2 38 351 20 57 48 -1 -1 -1 -1 
327 0 39 501 283 73 121 -1 -1 -1 -1 
328 0 34 768 428 94 144 -1 -1 -1 -1 
328 2 38 351 21 57 48 -1 -1 -1 -1 
328 0 39 501 283 73 121 -1 -1 -1 -1 
329 0 34 801 448 83 148 -1 -1 -1 -1 
329 2 38 351 16 59 51 -1 -1 -1 -1 
329 0 39 513 296 80 136 -1 -1 -1 -1 
330 0 34 801 449 84 148 -1 -1 -1 -1 
330 2 38 350 16 61 51 -1 -1 -1 -1 
330 0 39 512 296 82 137 -1 -1 -1 -1 
331 0 34 801 458 96 140 -1 -1 -1 -1 
331 2 38 354 16 55 52 -1 -1 -1 -1 
331 0 39 518 309 92 131 -1 -1 -1 -1 
332 0 34 800 459 99 138 -1 -1 -1 -1 
332 2 38 354 16 57 52 -1 -1 -1 -1 
332 0 39 519 309 90 131 -1 -1 -1 -1 
333 0 34 800 460 98 138 -1 -1 -1 -1 
333 2 38 354 17 57 51 -1 -1 -1 -1 
333 0 39 519 309 90 131 -1 -1 -1 -1 
334 0 34 803 468 125 152 -1 -1 -1 -1 
334 2 38 353 23 57 52 -1 -1 -1 -1 
334 0 39 532 326 104 153 -1 -1 -1 -1 
335 0 34 802 467 127 154 -1 -1 -1 -1 
335 2 38 352 24 59 52 -1 -1 -1 -1 
335 0 39 531 325 106 156 -1 -1 -1 -1 
336 0 34 823 474 115 151 -1 -1 -1 -1 
336 2 38 352 24 61 52 -1 -1 -1 -1 
336 0 39 536 342 111 152 -1 -1 -1 -1 
336 4 40 313 6 9 35 -1 -1 -1 -1 
337 0 34 823 474 115 151 -1 -1 -1 -1 
337 2 38 352 24 61 52 -1 -1 -1 -1 
337 0 39 536 341 111 153 -1 -1 -1 -1 
337 4 40 312 7 9 35 -1 -1 -1 -1 
338 0 34 824 474 114 151 -1 -1 -1 -1 
338 2 38 352 24 61 52 -1 -1 -1 -1 
338 0 39 536 341 111 153 -1 -1 -1 -1 
338 4 40 312 7 9 35 -1 -1 -1 -1 
339 0 34 825 492 133 149 -1 -1 -1 -1 
339 2 38 356 25 58 55 -1 -1 -1 -1 
339 0 39 565 391 96 150 -1 -1 -1 -1 
340 0 34 825 492 134 149 -1 -1 -1 -1 
340 2 38 355 26 60 54 -1 -1 -1 -1 
340 0 39 565 392 96 151 -1 -1 -1 -1 
341 0 34 842 498 127 150 -1 -1 -1 -1 
341 2 38 358 26 58 55 -1 -1 -1 -1 
341 0 39 565 400 113 154 -1 -1 -1 -1 
342 0 34 843 499 126 149 -1 -1 -1 -1 
342 2 38 354 32 67 53 -1 -1 -1 -1 
342 0 39 566 400 114 153 -1 -1 -1 -1 
343 0 34 859 509 140 163 -1 -1 -1 -1 
343 2 38 358 34 66 52 -1 -1 -1 -1 
343 0 39 604 445 102 167 -1 -1 -1 -1 
344 0 34 858 509 142 164 -1 -1 -1 -1 
344 2 38 359 35 65 51 -1 -1 -1 -1 
344 0 39 606 445 101 170 -1 -1 -1 -1 
345 0 34 858 508 142 165 -1 -1 -1 -1 
345 2 38 359 35 64 51 -1 -1 -1 -1 
345 0 39 605 444 102 171 -1 -1 -1 -1 
345 0 42 385 192 67 66 -1 -1 -1 -1 
346 0 34 868 519 138 161 -1 -1 -1 -1 
346 2 38 363 35 59 54 -1 -1 -1 -1 
346 0 39 615 473 118 161 -1 -1 -1 -1 
346 0 42 391 192 61 74 -1 -1 -1 -1 
347 0 34 868 519 138 161 -1 -1 -1 -1 
347 2 38 362 35 61 55 -1 -1 -1 -1 
347 0 39 615 475 118 160 -1 -1 -1 -1 
347 0 42 390 191 63 76 -1 -1 -1 -1 
348 0 34 882 533 146 147 -1 -1 -1 -1 
348 2 38 363 32 69 64 -1 -1 -1 -1 
348 0 39 649 507 117 181 -1 -1 -1 -1 
348 0 42 405 195 64 90 -1 -1 -1 -1 
349 0 34 883 534 145 146 -1 -1 -1 -1 
349 2 38 362 32 71 65 -1 -1 -1 -1 
349 0 39 649 507 119 184 -1 -1 -1 -1 
349 0 42 404 194 66 93 -1 -1 -1 -1 
350 0 34 883 534 145 146 -1 -1 -1 -1 
350 2 38 362 32 71 65 -1 -1 -1 -1 
350 0 39 648 506 121 185 -1 -1 -1 -1 
350 0 42 404 194 66 93 -1 -1 -1 -1 
351 0 34 913 549 122 150 -1 -1 -1 -1 
351 2 38 367 37 61 61 -1 -1 -1 -1 
352 0 34 912 550 124 150 -1 -1 -1 -1 
352 2 38 368 38 59 61 -1 -1 -1 -1 
353 0 34 915 553 148 154 -1 -1 -1 -1 
353 2 38 369 41 65 61 -1 -1 -1 -1 
354 0 34 915 553 148 155 -1 -1 -1 -1 
354 2 38 369 42 66 61 -1 -1 -1 -1 
355 0 34 935 568 140 148 -1 -1 -1 -1 
355 2 38 369 44 66 60 -1 -1 -1 -1 
356 0 34 936 569 140 147 -1 -1 -1 -1 
356 2 38 370 44 64 61 -1 -1 -1 -1 
357 0 34 936 569 140 147 -1 -1 -1 -1 
357 2 38 369 44 66 61 -1 -1 -1 -1 
358 0 34 955 591 150 127 -1 -1 -1 -1 
358 2 38 370 48 70 66 -1 -1 -1 -1 
359 0 34 958 593 147 125 -1 -1 -1 -1 
359 2 38 369 49 72 66 -1 -1 -1 -1 
360 0 34 960 599 151 120 -1 -1 -1 -1 
360 2 38 368 50 74 67 -1 -1 -1 -1 
360 0 42 447 275 72 116 -1 -1 -1 -1 
361 0 34 960 599 151 119 -1 -1 -1 -1 
361 2 38 367 50 76 67 -1 -1 -1 -1 
361 0 42 447 275 72 116 -1 -1 -1 -1 
362 0 34 960 598 151 120 -1 -1 -1 -1 
362 2 38 367 50 76 66 -1 -1 -1 -1 
362 0 42 447 275 72 116 -1 -1 -1 -1 
363 0 34 989 602 148 114 -1 -1 -1 -1 
363 2 38 365 47 83 77 -1 -1 -1 -1 
363 0 42 450 281 72 117 -1 -1 -1 -1 
364 0 34 991 604 145 112 -1 -1 -1 -1 
364 2 38 364 47 85 78 -1 -1 -1 -1 
365 0 34 989 603 150 114 -1 -1 -1 -1 
365 2 38 364 49 87 78 -1 -1 -1 -1 
365 0 42 476 309 87 131 -1 -1 -1 -1 
365 2 43 944 203 68 43 -1 -1 -1 -1 
366 0 34 990 604 148 113 -1 -1 -1 -1 
366 2 38 364 50 87 77 -1 -1 -1 -1 
366 0 42 475 308 89 133 -1 -1 -1 -1 
367 0 34 1016 619 156 100 -1 -1 -1 -1 
367 2 38 368 51 94 83 -1 -1 -1 -1 
368 0 34 1001 613 159 105 -1 -1 -1 -1 
368 2 38 367 52 96 83 -1 -1 -1 -1 
369 0 34 1001 613 159 105 -1 -1 -1 -1 
369 2 38 367 52 96 83 -1 -1 -1 -1 
370 0 34 1021 616 151 103 -1 -1 -1 -1 
370 2 38 368 60 98 76 -1 -1 -1 -1 
370 0 42 509 362 86 141 -1 -1 -1 -1 
371 0 34 1022 617 149 102 -1 -1 -1 -1 
371 2 38 368 61 98 75 -1 -1 -1 -1 
371 0 42 509 363 86 141 -1 -1 -1 -1 
372 0 34 1049 627 107 90 -1 -1 -1 -1 
372 2 38 376 60 91 86 -1 -1 -1 -1 
372 0 39 531 385 101 171 -1 -1 -1 -1 
373 0 34 1051 628 103 88 -1 -1 -1 -1 
373 2 38 375 60 93 87 -1 -1 -1 -1 
373 0 39 532 385 99 169 -1 -1 -1 -1 
374 0 34 1051 629 103 87 -1 -1 -1 -1 
374 2 38 375 60 93 87 -1 -1 -1 -1 
374 0 39 532 386 99 169 -1 -1 -1 -1 
375 0 34 1040 617 177 101 -1 -1 -1 -1 
375 2 38 370 60 111 89 -1 -1 -1 -1 
376 0 34 1040 617 177 101 -1 -1 -1 -1 
376 2 38 369 61 113 89 -1 -1 -1 -1 
377 0 34 1057 647 146 70 -1 -1 -1 -1 
377 2 38 376 68 106 87 -1 -1 -1 -1 
378 0 34 1062 650 135 65 -1 -1 -1 -1 
378 2 38 376 69 106 87 -1 -1 -1 -1 
379 0 34 1068 639 138 73 -1 -1 -1 -1 
379 2 38 384 70 90 90 -1 -1 -1 -1 
380 0 34 1067 639 140 73 -1 -1 -1 -1 
380 2 38 383 70 93 91 -1 -1 -1 -1 
381 0 34 1067 639 139 73 -1 -1 -1 -1 
381 2 38 383 70 93 91 -1 -1 -1 -1 
382 0 34 1070 640 142 73 -1 -1 -1 -1 
383 2 38 377 75 117 104 -1 -1 -1 -1 
384 2 38 384 80 106 97 -1 -1 -1 -1 
385 2 38 384 81 107 97 -1 -1 -1 -1 
386 2 38 384 81 107 97 -1 -1 -1 -1 
387 2 38 384 84 124 106 -1 -1 -1 -1 
388 2 38 383 84 126 107 -1 -1 -1 -1 
389 2 38 388 85 118 109 -1 -1 -1 -1 
390 2 38 387 85 120 110 -1 -1 -1 -1 
391 2 38 397 92 118 122 -1 -1 -1 -1 
392 2 38 396 93 120 122 -1 -1 -1 -1 
393 2 38 396 93 120 122 -1 -1 -1 -1 
394 2 38 399 95 118 128 -1 -1 -1 -1 
395 2 38 398 96 120 128 -1 -1 -1 -1 
396 2 38 395 103 141 137 -1 -1 -1 -1 
397 2 38 394 104 143 137 -1 -1 -1 -1 
398 2 38 394 104 143 137 -1 -1 -1 -1 
399 2 38 406 102 125 142 -1 -1 -1 -1 
400 2 38 405 102 127 142 -1 -1 -1 -1 
401 2 38 406 105 152 162 -1 -1 -1 -1 
402 2 38 405 105 154 163 -1 -1 -1 -1 
403 2 38 403 109 159 164 -1 -1 -1 -1 
404 2 38 403 110 159 163 -1 -1 -1 -1 
405 2 38 403 110 159 163 -1 -1 -1 -1 
406 2 38 409 132 168 167 -1 -1 -1 -1 
407 2 38 409 133 169 167 -1 -1 -1 -1 
408 2 38 418 134 165 166 -1 -1 -1 -1 
409 2 38 418 135 165 165 -1 -1 -1 -1 
410 2 38 418 135 165 165 -1 -1 -1 -1 
411 2 38 428 140 180 216 -1 -1 -1 -1 
412 2 38 427 140 182 217 -1 -1 -1 -1 
413 2 38 433 156 189 204 -1 -1 -1 -1 
414 2 38 433 157 189 203 -1 -1 -1 -1 
415 2 38 434 166 215 225 -1 -1 -1 -1 
416 2 38 433 167 218 225 -1 -1 -1 -1 
417 2 38 433 167 217 225 -1 -1 -1 -1 
418 2 38 444 178 212 216 -1 -1 -1 -1 
419 2 38 444 179 212 215 -1 -1 -1 -1 
420 2 38 450 199 235 252 -1 -1 -1 -1 
421 2 38 449 200 237 251 -1 -1 -1 -1 
422 2 38 449 201 237 251 -1 -1 -1 -1 
423 2 38 446 189 254 287 -1 -1 -1 -1 
424 2 38 445 190 257 287 -1 -1 -1 -1 
425 2 38 487 240 262 280 -1 -1 -1 -1 
426 2 38 487 242 263 279 -1 -1 -1 -1 
427 2 38 486 249 270 285 -1 -1 -1 -1 
428 2 38 485 250 271 285 -1 -1 -1 -1 
429 2 38 485 250 271 285 -1 -1 -1 -1 
430 2 38 500 293 311 312 -1 -1 -1 -1 
431 2 38 499 295 314 312 -1 -1 -1 -1 
432 2 38 508 308 322 321 -1 -1 -1 -1 
433 2 38 508 309 323 321 -1 -1 -1 -1 
434 2 38 508 310 323 320 -1 -1 -1 -1 
435 2 38 533 284 337 404 -1 -1 -1 -1 
436 2 38 530 279 346 417 -1 -1 -1 -1 
437 2 38 554 230 335 470 -1 -1 -1 -1 
438 2 38 553 223 340 478 -1 -1 -1 -1 
439 2 38 580 384 358 326 -1 -1 -1 -1 
440 2 38 586 394 347 316 -1 -1 -1 -1 
441 2 38 587 395 346 315 -1 -1 -1 -1 
442 2 38 601 421 360 288 -1 -1 -1 -1 
443 2 38 602 422 359 286 -1 -1 -1 -1 
444 2 38 622 471 388 244 -1 -1 -1 -1 
445 2 38 623 472 385 242 -1 -1 -1 -1 
446 2 38 623 472 385 243 -1 -1 -1 -1 
446 2 44 941 208 74 39 -1 -1 -1 -1 
447 2 38 625 492 392 227 -1 -1 -1 -1 
448 2 38 627 494 388 225 -1 -1 -1 -1 
449 2 38 704 578 345 138 -1 -1 -1 -1 
450 2 38 707 580 340 135 -1 -1 -1 -1 
451 2 38 724 604 320 115 -1 -1 -1 -1 
