3 2 1 44 1126 770 657 -1 -1 -1 -1 
3 2 2 712 795 334 331 -1 -1 -1 -1 
3 2 3 1938 951 389 399 -1 -1 -1 -1 
3 2 4 2065 719 253 231 -1 -1 -1 -1 
3 2 5 1332 793 298 312 -1 -1 -1 -1 
3 2 6 178 887 423 342 -1 -1 -1 -1 
3 2 7 1474 348 152 190 -1 -1 -1 -1 
3 0 8 941 1762 236 388 -1 -1 -1 -1 
3 0 9 1332 1751 219 408 -1 -1 -1 -1 
3 0 10 434 1796 271 363 -1 -1 -1 -1 
3 0 11 2729 1495 244 342 -1 -1 -1 -1 
3 0 12 3031 1312 210 271 -1 -1 -1 -1 
3 0 13 1142 1173 158 262 -1 -1 -1 -1 
3 0 14 1437 1189 150 254 -1 -1 -1 -1 
3 2 15 2204 198 124 105 -1 -1 -1 -1 
3 0 16 2639 865 123 166 -1 -1 -1 -1 
3 0 17 1269 721 85 154 -1 -1 -1 -1 
3 0 18 2492 892 123 164 -1 -1 -1 -1 
3 0 19 1147 782 109 185 -1 -1 -1 -1 
3 0 20 1919 534 79 141 -1 -1 -1 -1 
3 0 21 1503 632 90 145 -1 -1 -1 -1 
3 0 22 2415 729 117 182 -1 -1 -1 -1 
3 0 23 2648 560 100 121 -1 -1 -1 -1 
3 0 24 2178 445 75 114 -1 -1 -1 -1 
3 0 25 2823 667 115 152 -1 -1 -1 -1 
3 2 26 1333 333 143 142 -1 -1 -1 -1 
3 2 27 1807 263 165 202 -1 -1 -1 -1 
3 2 28 1294 175 131 118 -1 -1 -1 -1 
3 2 29 1483 97 78 78 -1 -1 -1 -1 
3 0 30 1759 373 61 111 -1 -1 -1 -1 
3 0 31 2440 536 87 122 -1 -1 -1 -1 
3 0 32 1318 489 79 117 -1 -1 -1 -1 
3 0 33 668 521 80 135 -1 -1 -1 -1 
3 0 34 2342 483 87 136 -1 -1 -1 -1 
3 0 35 1789 526 76 136 -1 -1 -1 -1 
3 0 37 2118 592 87 120 -1 -1 -1 -1 
3 0 38 1101 670 83 144 -1 -1 -1 -1 
3 4 39 3689 876 98 228 -1 -1 -1 -1 
3 0 40 2568 477 80 118 -1 -1 -1 -1 
3 0 41 609 633 94 157 -1 -1 -1 -1 
3 0 42 2250 355 69 103 -1 -1 -1 -1 
3 0 43 966 522 75 124 -1 -1 -1 -1 
3 0 44 2104 375 59 122 -1 -1 -1 -1 
3 0 45 1852 452 65 121 -1 -1 -1 -1 
3 0 46 415 719 102 166 -1 -1 -1 -1 
3 0 47 2010 645 97 131 -1 -1 -1 -1 
3 0 48 1402 560 84 138 -1 -1 -1 -1 
3 0 49 880 311 73 119 -1 -1 -1 -1 
3 0 51 1046 378 69 117 -1 -1 -1 -1 
3 0 54 1217 374 68 112 -1 -1 -1 -1 
3 2 55 1276 98 75 81 -1 -1 -1 -1 
3 4 56 2935 547 84 221 -1 -1 -1 -1 
3 0 58 887 606 88 140 -1 -1 -1 -1 
3 0 59 1465 281 59 87 -1 -1 -1 -1 
3 0 60 1762 248 45 90 -1 -1 -1 -1 
3 0 61 974 315 66 110 -1 -1 -1 -1 
3 0 62 2023 223 50 81 -1 -1 -1 -1 
3 0 63 2019 465 73 139 -1 -1 -1 -1 
3 2 64 2250 1855 821 304 -1 -1 -1 -1 
3 0 65 1470 200 51 76 -1 -1 -1 -1 
4 2 1 32 1134 770 659 -1 -1 -1 -1 
4 2 2 712 798 333 330 -1 -1 -1 -1 
4 2 3 1939 943 385 388 -1 -1 -1 -1 
4 2 4 2065 706 246 234 -1 -1 -1 -1 
4 2 5 1326 800 303 314 -1 -1 -1 -1 
4 2 6 174 887 401 356 -1 -1 -1 -1 
4 2 7 1474 349 153 188 -1 -1 -1 -1 
4 0 8 932 1771 238 381 -1 -1 -1 -1 
4 0 9 1338 1781 214 378 -1 -1 -1 -1 
4 0 10 408 1818 256 340 -1 -1 -1 -1 
4 0 11 2721 1482 218 325 -1 -1 -1 -1 
4 0 12 3016 1301 202 259 -1 -1 -1 -1 
4 0 13 1141 1190 150 253 -1 -1 -1 -1 
4 0 14 1438 1201 147 252 -1 -1 -1 -1 
4 2 15 2202 200 126 104 -1 -1 -1 -1 
4 0 16 2632 863 123 157 -1 -1 -1 -1 
4 0 17 1270 720 87 156 -1 -1 -1 -1 
4 0 18 2488 876 118 170 -1 -1 -1 -1 
4 0 19 1147 779 109 185 -1 -1 -1 -1 
4 0 20 1915 519 85 149 -1 -1 -1 -1 
4 0 21 1503 631 94 149 -1 -1 -1 -1 
4 0 22 2409 714 116 187 -1 -1 -1 -1 
4 0 23 2646 558 97 115 -1 -1 -1 -1 
4 0 24 2170 439 81 114 -1 -1 -1 -1 
4 0 25 2812 666 121 143 -1 -1 -1 -1 
4 2 26 1333 332 147 143 -1 -1 -1 -1 
4 2 27 1807 260 168 205 -1 -1 -1 -1 
4 2 28 1293 176 131 118 -1 -1 -1 -1 
4 2 29 1483 95 80 80 -1 -1 -1 -1 
4 0 30 1761 372 62 111 -1 -1 -1 -1 
4 0 31 2440 529 86 122 -1 -1 -1 -1 
4 0 32 1311 493 91 120 -1 -1 -1 -1 
4 0 33 657 518 85 139 -1 -1 -1 -1 
4 0 34 2343 479 85 132 -1 -1 -1 -1 
4 0 35 1789 512 78 144 -1 -1 -1 -1 
4 0 37 2122 579 84 136 -1 -1 -1 -1 
4 0 38 1099 668 85 148 -1 -1 -1 -1 
4 4 39 3693 872 96 227 -1 -1 -1 -1 
4 0 40 2562 477 82 117 -1 -1 -1 -1 
4 0 41 607 635 96 157 -1 -1 -1 -1 
4 0 42 2248 355 69 101 -1 -1 -1 -1 
4 0 43 963 521 77 124 -1 -1 -1 -1 
4 0 44 2098 370 63 122 -1 -1 -1 -1 
4 0 45 1854 446 63 119 -1 -1 -1 -1 
4 0 46 409 721 109 167 -1 -1 -1 -1 
4 0 47 2010 624 93 142 -1 -1 -1 -1 
4 0 48 1404 558 87 134 -1 -1 -1 -1 
4 0 49 879 308 75 121 -1 -1 -1 -1 
4 0 51 1046 375 70 120 -1 -1 -1 -1 
4 0 54 1216 368 69 118 -1 -1 -1 -1 
4 2 55 1275 99 74 81 -1 -1 -1 -1 
4 4 56 2924 564 95 196 -1 -1 -1 -1 
4 0 58 882 604 90 142 -1 -1 -1 -1 
4 0 59 1465 276 62 89 -1 -1 -1 -1 
4 0 60 1762 248 44 88 -1 -1 -1 -1 
4 0 61 973 313 65 113 -1 -1 -1 -1 
4 0 62 2019 221 52 84 -1 -1 -1 -1 
4 0 63 2020 465 76 136 -1 -1 -1 -1 
4 2 64 2252 1826 772 333 -1 -1 -1 -1 
4 0 65 1472 197 49 75 -1 -1 -1 -1 
4 2 68 1028 529 208 209 -1 -1 -1 -1 
5 2 1 21 1148 760 656 -1 -1 -1 -1 
5 2 2 706 802 340 328 -1 -1 -1 -1 
5 2 3 1936 940 386 389 -1 -1 -1 -1 
5 2 4 2052 703 256 235 -1 -1 -1 -1 
5 2 5 1322 805 308 315 -1 -1 -1 -1 
5 2 6 167 893 408 361 -1 -1 -1 -1 
5 2 7 1473 346 156 194 -1 -1 -1 -1 
5 0 8 935 1807 229 345 -1 -1 -1 -1 
5 0 9 1334 1807 218 352 -1 -1 -1 -1 
5 0 10 404 1829 252 330 -1 -1 -1 -1 
5 0 11 2708 1458 215 328 -1 -1 -1 -1 
5 0 12 3005 1273 197 268 -1 -1 -1 -1 
5 0 13 1136 1192 155 262 -1 -1 -1 -1 
5 0 14 1437 1214 147 253 -1 -1 -1 -1 
5 2 15 2201 199 128 103 -1 -1 -1 -1 
5 0 16 2623 849 118 160 -1 -1 -1 -1 
5 0 17 1269 726 85 153 -1 -1 -1 -1 
5 0 18 2479 878 122 158 -1 -1 -1 -1 
5 0 19 1148 786 108 182 -1 -1 -1 -1 
5 0 20 1915 517 84 147 -1 -1 -1 -1 
5 0 21 1503 638 88 144 -1 -1 -1 -1 
5 0 22 2404 717 111 166 -1 -1 -1 -1 
5 0 23 2642 550 94 116 -1 -1 -1 -1 
5 0 24 2168 433 77 120 -1 -1 -1 -1 
5 0 25 2798 655 118 146 -1 -1 -1 -1 
5 2 26 1337 336 140 138 -1 -1 -1 -1 
5 2 27 1804 255 169 202 -1 -1 -1 -1 
5 2 28 1295 177 128 118 -1 -1 -1 -1 
5 2 29 1481 94 82 81 -1 -1 -1 -1 
5 0 30 1760 370 62 111 -1 -1 -1 -1 
5 0 31 2436 526 88 119 -1 -1 -1 -1 
5 0 32 1317 501 90 121 -1 -1 -1 -1 
5 0 33 649 523 87 132 -1 -1 -1 -1 
5 0 34 2339 477 82 125 -1 -1 -1 -1 
5 0 35 1787 511 79 142 -1 -1 -1 -1 
5 0 37 2116 571 90 132 -1 -1 -1 -1 
5 0 38 1089 663 96 157 -1 -1 -1 -1 
5 4 39 3696 877 98 228 -1 -1 -1 -1 
5 0 40 2556 472 83 115 -1 -1 -1 -1 
5 0 41 605 639 93 155 -1 -1 -1 -1 
5 0 42 2247 355 66 98 -1 -1 -1 -1 
5 0 43 962 528 76 120 -1 -1 -1 -1 
5 0 44 2096 372 63 118 -1 -1 -1 -1 
5 0 45 1856 448 62 114 -1 -1 -1 -1 
5 0 46 407 734 105 170 -1 -1 -1 -1 
5 0 47 2011 624 89 133 -1 -1 -1 -1 
5 0 48 1405 572 84 135 -1 -1 -1 -1 
5 0 49 877 309 76 123 -1 -1 -1 -1 
5 0 51 1045 376 72 121 -1 -1 -1 -1 
5 0 54 1213 369 72 119 -1 -1 -1 -1 
5 2 55 1275 99 77 80 -1 -1 -1 -1 
5 4 56 2924 559 94 200 -1 -1 -1 -1 
5 0 58 881 606 92 144 -1 -1 -1 -1 
5 0 59 1464 278 65 90 -1 -1 -1 -1 
5 0 61 973 315 65 111 -1 -1 -1 -1 
5 0 63 2017 467 76 132 -1 -1 -1 -1 
5 2 64 2252 1806 748 353 -1 -1 -1 -1 
5 0 65 1475 200 50 73 -1 -1 -1 -1 
5 2 68 1026 535 211 206 -1 -1 -1 -1 
5 0 69 805 444 85 121 -1 -1 -1 -1 
5 0 72 498 775 121 165 -1 -1 -1 -1 
6 2 1 4 1147 764 676 -1 -1 -1 -1 
6 2 2 705 805 335 326 -1 -1 -1 -1 
6 2 3 1938 930 380 388 -1 -1 -1 -1 
6 2 4 2053 703 253 230 -1 -1 -1 -1 
6 2 5 1320 810 309 315 -1 -1 -1 -1 
6 2 6 168 898 404 358 -1 -1 -1 -1 
6 2 7 1472 350 156 193 -1 -1 -1 -1 
6 0 8 927 1826 232 332 -1 -1 -1 -1 
6 0 9 1331 1843 218 312 -1 -1 -1 -1 
6 0 10 385 1819 287 340 -1 -1 -1 -1 
6 0 11 2692 1430 215 333 -1 -1 -1 -1 
6 0 12 2992 1258 194 266 -1 -1 -1 -1 
6 0 13 1137 1215 149 256 -1 -1 -1 -1 
6 0 14 1433 1232 149 252 -1 -1 -1 -1 
6 2 15 2202 199 128 105 -1 -1 -1 -1 
6 0 16 2610 840 123 168 -1 -1 -1 -1 
6 0 17 1267 730 85 153 -1 -1 -1 -1 
6 0 18 2467 853 123 167 -1 -1 -1 -1 
6 0 19 1146 794 108 181 -1 -1 -1 -1 
6 0 20 1915 513 83 147 -1 -1 -1 -1 
6 0 21 1501 643 90 145 -1 -1 -1 -1 
6 0 22 2396 709 114 165 -1 -1 -1 -1 
6 0 23 2634 545 99 117 -1 -1 -1 -1 
6 0 24 2162 432 78 123 -1 -1 -1 -1 
6 0 25 2787 651 119 142 -1 -1 -1 -1 
6 2 26 1333 334 144 148 -1 -1 -1 -1 
6 2 27 1805 256 166 197 -1 -1 -1 -1 
6 2 28 1293 183 129 112 -1 -1 -1 -1 
6 2 29 1480 96 83 79 -1 -1 -1 -1 
6 0 30 1759 372 61 112 -1 -1 -1 -1 
6 0 31 2429 512 87 132 -1 -1 -1 -1 
6 0 32 1318 502 87 124 -1 -1 -1 -1 
6 0 33 648 539 83 128 -1 -1 -1 -1 
6 0 34 2335 471 83 129 -1 -1 -1 -1 
6 0 35 1788 510 79 142 -1 -1 -1 -1 
6 0 37 2110 568 88 138 -1 -1 -1 -1 
6 0 38 1089 673 88 160 -1 -1 -1 -1 
6 4 39 3698 889 101 217 -1 -1 -1 -1 
6 0 40 2550 471 85 115 -1 -1 -1 -1 
6 0 41 599 640 98 158 -1 -1 -1 -1 
6 0 42 2241 348 70 106 -1 -1 -1 -1 
6 0 43 957 538 77 119 -1 -1 -1 -1 
6 0 44 2095 367 60 122 -1 -1 -1 -1 
6 0 45 1858 447 58 113 -1 -1 -1 -1 
6 0 46 403 740 106 172 -1 -1 -1 -1 
6 0 47 2010 619 87 132 -1 -1 -1 -1 
6 0 48 1405 591 82 123 -1 -1 -1 -1 
6 0 49 871 313 78 120 -1 -1 -1 -1 
6 0 51 1046 380 70 117 -1 -1 -1 -1 
6 0 54 1213 376 69 118 -1 -1 -1 -1 
6 2 55 1275 99 77 81 -1 -1 -1 -1 
6 4 56 2922 547 95 211 -1 -1 -1 -1 
6 0 58 873 617 93 141 -1 -1 -1 -1 
6 0 59 1467 282 60 90 -1 -1 -1 -1 
6 0 60 1762 249 45 83 -1 -1 -1 -1 
6 0 61 972 317 64 111 -1 -1 -1 -1 
6 0 62 2023 214 52 85 -1 -1 -1 -1 
6 0 63 2017 462 72 133 -1 -1 -1 -1 
6 2 64 2231 1786 797 373 -1 -1 -1 -1 
6 0 65 1476 204 47 72 -1 -1 -1 -1 
6 2 68 1029 528 208 208 -1 -1 -1 -1 
6 0 69 806 447 80 121 -1 -1 -1 -1 
6 0 72 479 780 136 165 -1 -1 -1 -1 
6 0 74 1127 322 52 93 -1 -1 -1 -1 
7 2 1 0 1150 757 699 -1 -1 -1 -1 
7 2 2 707 806 328 329 -1 -1 -1 -1 
7 2 3 1937 920 376 386 -1 -1 -1 -1 
7 2 4 2046 692 257 235 -1 -1 -1 -1 
7 2 5 1319 818 306 314 -1 -1 -1 -1 
7 2 6 148 907 428 357 -1 -1 -1 -1 
7 2 7 1475 359 156 191 -1 -1 -1 -1 
7 0 8 921 1856 225 303 -1 -1 -1 -1 
7 0 9 1330 1867 216 285 -1 -1 -1 -1 
7 0 10 372 1823 292 336 -1 -1 -1 -1 
7 0 11 2679 1419 209 317 -1 -1 -1 -1 
7 0 12 2977 1250 194 254 -1 -1 -1 -1 
7 0 13 1132 1222 152 270 -1 -1 -1 -1 
7 0 14 1434 1247 142 252 -1 -1 -1 -1 
7 2 15 2202 199 128 103 -1 -1 -1 -1 
7 0 16 2600 831 121 162 -1 -1 -1 -1 
7 0 17 1266 730 86 156 -1 -1 -1 -1 
7 0 18 2455 867 125 146 -1 -1 -1 -1 
7 0 19 1146 802 106 176 -1 -1 -1 -1 
7 0 20 1915 514 81 144 -1 -1 -1 -1 
7 0 21 1503 650 90 138 -1 -1 -1 -1 
7 0 22 2390 702 114 167 -1 -1 -1 -1 
7 0 23 2632 545 92 124 -1 -1 -1 -1 
7 0 24 2159 435 77 119 -1 -1 -1 -1 
7 0 25 2774 645 120 141 -1 -1 -1 -1 
7 2 26 1335 337 144 141 -1 -1 -1 -1 
7 2 27 1806 256 165 199 -1 -1 -1 -1 
7 2 28 1296 185 126 119 -1 -1 -1 -1 
7 2 29 1480 97 83 78 -1 -1 -1 -1 
7 0 30 1758 372 63 112 -1 -1 -1 -1 
7 0 31 2423 510 87 128 -1 -1 -1 -1 
7 0 32 1321 506 83 128 -1 -1 -1 -1 
7 0 33 636 536 87 136 -1 -1 -1 -1 
7 0 34 2332 472 85 127 -1 -1 -1 -1 
7 0 35 1788 508 78 141 -1 -1 -1 -1 
7 0 37 2108 574 88 128 -1 -1 -1 -1 
7 0 38 1085 678 88 162 -1 -1 -1 -1 
7 4 39 3703 891 103 224 -1 -1 -1 -1 
7 0 40 2547 471 82 113 -1 -1 -1 -1 
7 0 41 597 646 94 156 -1 -1 -1 -1 
7 0 42 2238 341 67 115 -1 -1 -1 -1 
7 0 43 953 537 75 121 -1 -1 -1 -1 
7 0 44 2092 363 62 122 -1 -1 -1 -1 
7 0 45 1856 445 59 115 -1 -1 -1 -1 
7 0 47 2006 616 83 132 -1 -1 -1 -1 
7 0 48 1405 592 82 121 -1 -1 -1 -1 
7 0 49 871 314 78 119 -1 -1 -1 -1 
7 0 51 1046 387 67 115 -1 -1 -1 -1 
7 0 54 1213 376 67 118 -1 -1 -1 -1 
7 2 55 1276 99 77 81 -1 -1 -1 -1 
7 4 56 2914 560 97 197 -1 -1 -1 -1 
7 0 58 879 615 86 145 -1 -1 -1 -1 
7 0 59 1468 282 58 89 -1 -1 -1 -1 
7 0 60 1761 247 46 87 -1 -1 -1 -1 
7 0 61 971 319 66 111 -1 -1 -1 -1 
7 0 62 2023 212 50 84 -1 -1 -1 -1 
7 0 63 2016 464 74 129 -1 -1 -1 -1 
7 2 64 2224 1752 756 407 -1 -1 -1 -1 
7 0 65 1476 205 48 72 -1 -1 -1 -1 
7 2 68 1023 532 212 202 -1 -1 -1 -1 
7 0 69 804 450 80 122 -1 -1 -1 -1 
7 0 72 472 786 141 163 -1 -1 -1 -1 
7 0 74 1121 320 55 95 -1 -1 -1 -1 
7 0 77 1813 187 44 75 -1 -1 -1 -1 
7 0 80 1884 187 49 77 -1 -1 -1 -1 
8 2 1 0 1159 748 709 -1 -1 -1 -1 
8 2 2 701 813 334 330 -1 -1 -1 -1 
8 2 3 1940 907 371 385 -1 -1 -1 -1 
8 2 4 2043 680 255 233 -1 -1 -1 -1 
8 2 5 1316 827 309 323 -1 -1 -1 -1 
8 2 6 130 911 436 362 -1 -1 -1 -1 
8 2 7 1473 360 157 193 -1 -1 -1 -1 
8 0 8 916 1860 233 299 -1 -1 -1 -1 
8 0 9 1323 1901 217 254 -1 -1 -1 -1 
8 0 10 358 1857 258 302 -1 -1 -1 -1 
8 0 11 2662 1405 208 303 -1 -1 -1 -1 
8 0 12 2959 1240 190 248 -1 -1 -1 -1 
8 0 13 1126 1238 155 270 -1 -1 -1 -1 
8 0 14 1430 1253 148 261 -1 -1 -1 -1 
8 2 15 2203 199 125 103 -1 -1 -1 -1 
8 0 16 2595 830 118 157 -1 -1 -1 -1 
8 0 17 1265 730 87 160 -1 -1 -1 -1 
8 0 18 2452 858 117 142 -1 -1 -1 -1 
8 0 19 1145 808 106 175 -1 -1 -1 -1 
8 0 20 1916 505 78 148 -1 -1 -1 -1 
8 0 21 1501 652 94 144 -1 -1 -1 -1 
8 0 22 2384 697 106 167 -1 -1 -1 -1 
8 0 23 2625 535 97 119 -1 -1 -1 -1 
8 0 24 2157 432 74 119 -1 -1 -1 -1 
8 0 25 2767 644 121 135 -1 -1 -1 -1 
8 2 26 1334 339 145 140 -1 -1 -1 -1 
8 2 27 1801 254 169 198 -1 -1 -1 -1 
8 2 28 1304 186 116 121 -1 -1 -1 -1 
8 2 29 1482 97 81 78 -1 -1 -1 -1 
8 0 30 1757 367 63 118 -1 -1 -1 -1 
8 0 31 2421 503 88 128 -1 -1 -1 -1 
8 0 32 1325 512 82 129 -1 -1 -1 -1 
8 0 33 630 540 88 136 -1 -1 -1 -1 
8 0 34 2327 469 88 126 -1 -1 -1 -1 
8 0 35 1788 508 76 132 -1 -1 -1 -1 
8 0 37 2107 568 87 124 -1 -1 -1 -1 
8 0 38 1083 676 87 165 -1 -1 -1 -1 
8 4 39 3705 882 105 238 -1 -1 -1 -1 
8 0 40 2545 458 75 116 -1 -1 -1 -1 
8 0 41 594 647 95 160 -1 -1 -1 -1 
8 0 42 2233 339 70 118 -1 -1 -1 -1 
8 0 43 950 533 77 126 -1 -1 -1 -1 
8 0 44 2088 362 64 121 -1 -1 -1 -1 
8 0 45 1857 440 59 115 -1 -1 -1 -1 
8 0 47 2007 611 87 132 -1 -1 -1 -1 
8 0 48 1405 595 85 126 -1 -1 -1 -1 
8 0 49 871 315 73 118 -1 -1 -1 -1 
8 0 51 1047 390 64 114 -1 -1 -1 -1 
8 0 54 1210 378 70 119 -1 -1 -1 -1 
8 2 55 1276 99 78 80 -1 -1 -1 -1 
8 4 56 2913 554 92 201 -1 -1 -1 -1 
8 0 58 875 619 87 147 -1 -1 -1 -1 
8 0 59 1466 284 61 89 -1 -1 -1 -1 
8 0 60 1761 243 47 87 -1 -1 -1 -1 
8 0 61 970 322 66 108 -1 -1 -1 -1 
8 0 62 2022 211 50 84 -1 -1 -1 -1 
8 0 63 2017 458 69 132 -1 -1 -1 -1 
8 2 64 2217 1729 731 429 -1 -1 -1 -1 
8 0 65 1479 209 47 73 -1 -1 -1 -1 
8 2 68 1026 536 208 206 -1 -1 -1 -1 
8 0 69 799 452 83 123 -1 -1 -1 -1 
8 0 72 466 795 130 150 -1 -1 -1 -1 
8 0 74 1119 322 58 95 -1 -1 -1 -1 
8 0 77 1815 182 41 77 -1 -1 -1 -1 
8 0 80 1883 182 47 79 -1 -1 -1 -1 
8 0 81 59 902 158 213 -1 -1 -1 -1 
9 2 1 0 1161 741 711 -1 -1 -1 -1 
9 2 2 702 814 334 332 -1 -1 -1 -1 
9 2 3 1938 901 373 378 -1 -1 -1 -1 
9 2 4 2040 675 254 233 -1 -1 -1 -1 
9 2 5 1312 834 311 326 -1 -1 -1 -1 
9 2 6 123 914 439 360 -1 -1 -1 -1 
9 2 7 1472 357 157 197 -1 -1 -1 -1 
9 0 8 905 1876 233 283 -1 -1 -1 -1 
9 0 9 1323 1901 217 252 -1 -1 -1 -1 
9 0 10 341 1866 266 293 -1 -1 -1 -1 
9 0 11 2658 1388 187 298 -1 -1 -1 -1 
9 0 12 2951 1226 176 242 -1 -1 -1 -1 
9 0 13 1126 1261 152 257 -1 -1 -1 -1 
9 0 14 1431 1271 145 266 -1 -1 -1 -1 
9 2 15 2198 197 131 104 -1 -1 -1 -1 
9 0 16 2585 812 118 167 -1 -1 -1 -1 
9 0 17 1265 730 88 164 -1 -1 -1 -1 
9 0 18 2445 834 121 159 -1 -1 -1 -1 
9 0 19 1145 808 107 176 -1 -1 -1 -1 
9 0 20 1915 504 79 146 -1 -1 -1 -1 
9 0 21 1501 655 95 145 -1 -1 -1 -1 
9 0 22 2381 672 108 177 -1 -1 -1 -1 
9 0 23 2621 522 94 129 -1 -1 -1 -1 
9 0 24 2151 423 74 120 -1 -1 -1 -1 
9 0 25 2757 643 121 126 -1 -1 -1 -1 
9 2 26 1334 336 141 139 -1 -1 -1 -1 
9 2 27 1799 253 170 195 -1 -1 -1 -1 
9 2 28 1298 185 128 121 -1 -1 -1 -1 
9 2 29 1483 98 79 78 -1 -1 -1 -1 
9 0 30 1756 366 64 114 -1 -1 -1 -1 
9 0 31 2424 510 76 114 -1 -1 -1 -1 
9 0 32 1325 513 83 130 -1 -1 -1 -1 
9 0 34 2325 464 87 127 -1 -1 -1 -1 
9 0 35 1786 507 78 127 -1 -1 -1 -1 
9 0 37 2104 560 85 124 -1 -1 -1 -1 
9 0 38 1079 678 92 165 -1 -1 -1 -1 
9 4 39 3706 880 104 243 -1 -1 -1 -1 
9 0 40 2542 448 76 116 -1 -1 -1 -1 
9 0 41 587 650 97 159 -1 -1 -1 -1 
9 0 42 2233 337 69 112 -1 -1 -1 -1 
9 0 43 945 542 81 123 -1 -1 -1 -1 
9 0 44 2085 366 63 114 -1 -1 -1 -1 
9 0 45 1856 437 60 115 -1 -1 -1 -1 
9 0 47 2007 606 83 128 -1 -1 -1 -1 
9 0 48 1405 596 87 128 -1 -1 -1 -1 
9 0 49 866 315 77 119 -1 -1 -1 -1 
9 0 51 1043 378 70 119 -1 -1 -1 -1 
9 0 54 1209 378 70 119 -1 -1 -1 -1 
9 2 55 1280 100 75 81 -1 -1 -1 -1 
9 4 56 2910 563 95 187 -1 -1 -1 -1 
9 0 58 870 623 88 142 -1 -1 -1 -1 
9 0 59 1465 285 61 85 -1 -1 -1 -1 
9 0 60 1762 243 45 84 -1 -1 -1 -1 
9 0 61 973 321 61 109 -1 -1 -1 -1 
9 0 62 2022 208 52 83 -1 -1 -1 -1 
9 0 63 2015 461 68 126 -1 -1 -1 -1 
9 2 64 2212 1703 731 451 -1 -1 -1 -1 
9 0 65 1481 210 47 76 -1 -1 -1 -1 
9 2 68 1020 538 214 208 -1 -1 -1 -1 
9 0 69 797 457 79 124 -1 -1 -1 -1 
9 0 72 446 800 135 156 -1 -1 -1 -1 
9 0 74 1122 322 54 94 -1 -1 -1 -1 
9 0 77 1815 178 40 79 -1 -1 -1 -1 
9 0 80 1880 178 50 81 -1 -1 -1 -1 
9 0 81 50 915 153 206 -1 -1 -1 -1 
9 0 83 3699 1310 140 283 -1 -1 -1 -1 
10 2 1 0 1179 731 704 -1 -1 -1 -1 
10 2 2 702 816 333 337 -1 -1 -1 -1 
10 2 3 1937 895 369 377 -1 -1 -1 -1 
10 2 4 2037 671 252 228 -1 -1 -1 -1 
10 2 5 1310 841 307 328 -1 -1 -1 -1 
10 2 6 110 926 454 359 -1 -1 -1 -1 
10 2 7 1468 360 161 198 -1 -1 -1 -1 
10 0 8 897 1891 239 268 -1 -1 -1 -1 
10 0 9 1318 1920 215 238 -1 -1 -1 -1 
10 0 10 331 1859 322 300 -1 -1 -1 -1 
10 0 11 2645 1369 183 292 -1 -1 -1 -1 
10 0 12 2925 1204 186 250 -1 -1 -1 -1 
10 0 13 1118 1266 153 268 -1 -1 -1 -1 
10 0 14 1429 1287 146 261 -1 -1 -1 -1 
10 2 15 2198 196 126 106 -1 -1 -1 -1 
10 0 16 2578 803 120 163 -1 -1 -1 -1 
10 0 17 1263 734 89 166 -1 -1 -1 -1 
10 0 18 2442 825 111 162 -1 -1 -1 -1 
10 0 19 1145 803 106 183 -1 -1 -1 -1 
10 0 20 1916 503 78 142 -1 -1 -1 -1 
10 0 21 1502 657 95 145 -1 -1 -1 -1 
10 0 22 2374 671 113 175 -1 -1 -1 -1 
10 0 23 2610 523 100 127 -1 -1 -1 -1 
10 0 24 2147 423 75 115 -1 -1 -1 -1 
10 0 25 2750 624 112 136 -1 -1 -1 -1 
10 2 26 1338 335 136 138 -1 -1 -1 -1 
10 2 27 1801 254 167 194 -1 -1 -1 -1 
10 2 28 1303 187 125 120 -1 -1 -1 -1 
10 2 29 1482 98 81 78 -1 -1 -1 -1 
10 0 30 1756 367 66 112 -1 -1 -1 -1 
10 0 31 2410 502 83 115 -1 -1 -1 -1 
10 0 32 1325 515 84 130 -1 -1 -1 -1 
10 0 34 2320 459 82 129 -1 -1 -1 -1 
10 0 35 1785 505 77 125 -1 -1 -1 -1 
10 0 37 2105 560 85 120 -1 -1 -1 -1 
10 0 38 1072 673 93 175 -1 -1 -1 -1 
10 4 39 3708 880 106 247 -1 -1 -1 -1 
10 0 40 2536 447 77 117 -1 -1 -1 -1 
10 0 41 584 651 94 160 -1 -1 -1 -1 
10 0 42 2229 334 68 113 -1 -1 -1 -1 
10 0 43 940 537 80 127 -1 -1 -1 -1 
10 0 44 2076 362 66 113 -1 -1 -1 -1 
10 0 45 1855 436 60 113 -1 -1 -1 -1 
10 0 47 2006 600 82 127 -1 -1 -1 -1 
10 0 48 1404 598 86 135 -1 -1 -1 -1 
10 0 49 863 318 76 118 -1 -1 -1 -1 
10 0 51 1039 386 68 120 -1 -1 -1 -1 
10 0 54 1208 380 69 121 -1 -1 -1 -1 
10 2 55 1279 98 76 81 -1 -1 -1 -1 
10 4 56 2908 560 91 187 -1 -1 -1 -1 
10 0 58 863 624 91 148 -1 -1 -1 -1 
10 0 59 1466 286 61 84 -1 -1 -1 -1 
10 0 60 1762 246 46 81 -1 -1 -1 -1 
10 0 61 970 322 63 109 -1 -1 -1 -1 
10 0 62 2023 207 47 86 -1 -1 -1 -1 
10 0 63 2014 458 68 125 -1 -1 -1 -1 
10 2 64 2206 1685 729 469 -1 -1 -1 -1 
10 0 65 1482 208 50 77 -1 -1 -1 -1 
10 2 68 1021 544 213 203 -1 -1 -1 -1 
10 0 69 794 462 86 125 -1 -1 -1 -1 
10 0 72 450 802 129 157 -1 -1 -1 -1 
10 0 74 1119 322 58 94 -1 -1 -1 -1 
10 0 77 1814 175 42 80 -1 -1 -1 -1 
10 0 80 1880 176 50 81 -1 -1 -1 -1 
11 2 1 0 1187 724 711 -1 -1 -1 -1 
11 2 2 703 818 331 339 -1 -1 -1 -1 
11 2 3 1939 884 367 376 -1 -1 -1 -1 
11 2 4 2030 668 254 228 -1 -1 -1 -1 
11 2 5 1304 856 307 325 -1 -1 -1 -1 
11 2 6 100 933 457 353 -1 -1 -1 -1 
11 2 7 1466 365 164 198 -1 -1 -1 -1 
11 0 8 905 1927 231 232 -1 -1 -1 -1 
11 0 9 1317 1921 215 233 -1 -1 -1 -1 
11 0 10 304 1909 299 250 -1 -1 -1 -1 
11 0 11 2626 1350 191 292 -1 -1 -1 -1 
11 0 12 2914 1191 180 248 -1 -1 -1 -1 
11 0 13 1112 1282 155 264 -1 -1 -1 -1 
11 0 14 1427 1302 147 264 -1 -1 -1 -1 
11 2 15 2195 200 126 102 -1 -1 -1 -1 
11 0 16 2568 804 117 160 -1 -1 -1 -1 
11 0 17 1259 737 92 171 -1 -1 -1 -1 
11 0 18 2430 814 116 162 -1 -1 -1 -1 
11 0 19 1144 806 108 185 -1 -1 -1 -1 
11 0 20 1918 500 76 142 -1 -1 -1 -1 
11 0 21 1500 662 97 148 -1 -1 -1 -1 
11 0 22 2363 664 111 175 -1 -1 -1 -1 
11 0 23 2603 520 96 128 -1 -1 -1 -1 
11 0 24 2145 419 75 114 -1 -1 -1 -1 
11 0 25 2742 623 114 130 -1 -1 -1 -1 
11 2 26 1337 340 138 139 -1 -1 -1 -1 
11 2 27 1804 256 161 191 -1 -1 -1 -1 
11 2 28 1300 187 123 120 -1 -1 -1 -1 
11 2 29 1483 97 80 79 -1 -1 -1 -1 
11 0 30 1754 365 67 112 -1 -1 -1 -1 
11 0 31 2408 502 83 115 -1 -1 -1 -1 
11 0 32 1325 520 82 130 -1 -1 -1 -1 
11 0 34 2315 455 85 129 -1 -1 -1 -1 
11 0 35 1789 500 76 127 -1 -1 -1 -1 
11 0 37 2101 558 85 118 -1 -1 -1 -1 
11 0 38 1070 687 96 163 -1 -1 -1 -1 
11 4 39 3710 898 117 239 -1 -1 -1 -1 
11 0 40 2530 443 75 117 -1 -1 -1 -1 
11 0 41 581 658 97 160 -1 -1 -1 -1 
11 0 42 2224 333 70 110 -1 -1 -1 -1 
11 0 43 938 542 78 128 -1 -1 -1 -1 
11 0 44 2076 360 66 116 -1 -1 -1 -1 
11 0 45 1856 435 58 111 -1 -1 -1 -1 
11 0 48 1405 604 86 134 -1 -1 -1 -1 
11 0 49 862 320 75 120 -1 -1 -1 -1 
11 0 51 1037 399 70 119 -1 -1 -1 -1 
11 0 54 1205 388 70 122 -1 -1 -1 -1 
11 2 55 1277 100 76 80 -1 -1 -1 -1 
11 4 56 2903 567 94 181 -1 -1 -1 -1 
11 0 58 863 629 90 145 -1 -1 -1 -1 
11 0 59 1468 289 59 84 -1 -1 -1 -1 
11 0 60 1763 247 42 82 -1 -1 -1 -1 
11 0 61 970 320 64 113 -1 -1 -1 -1 
11 0 62 2023 205 51 88 -1 -1 -1 -1 
11 0 63 2015 456 66 122 -1 -1 -1 -1 
11 2 64 2202 1662 716 492 -1 -1 -1 -1 
11 0 65 1484 207 49 77 -1 -1 -1 -1 
11 2 68 1020 548 210 204 -1 -1 -1 -1 
11 0 69 788 463 87 124 -1 -1 -1 -1 
11 0 72 436 812 132 154 -1 -1 -1 -1 
11 0 74 1116 323 59 96 -1 -1 -1 -1 
11 0 80 1879 176 50 79 -1 -1 -1 -1 
11 0 81 32 939 140 196 -1 -1 -1 -1 
11 0 83 3631 1286 208 267 -1 -1 -1 -1 
11 0 84 3047 1842 230 312 -1 -1 -1 -1 
12 2 1 0 1197 709 717 -1 -1 -1 -1 
12 2 2 703 824 326 341 -1 -1 -1 -1 
12 2 3 1931 880 360 360 -1 -1 -1 -1 
12 2 4 2027 661 256 228 -1 -1 -1 -1 
12 2 5 1303 865 303 327 -1 -1 -1 -1 
12 2 6 82 940 468 358 -1 -1 -1 -1 
12 2 7 1463 370 167 199 -1 -1 -1 -1 
12 0 8 901 1937 223 217 -1 -1 -1 -1 
12 0 9 1312 1966 224 191 -1 -1 -1 -1 
12 0 10 291 1896 358 263 -1 -1 -1 -1 
12 0 11 2609 1321 198 294 -1 -1 -1 -1 
12 0 12 2903 1176 179 246 -1 -1 -1 -1 
12 0 13 1108 1297 156 263 -1 -1 -1 -1 
12 0 14 1417 1316 154 269 -1 -1 -1 -1 
12 2 15 2195 201 125 100 -1 -1 -1 -1 
12 0 16 2560 795 121 160 -1 -1 -1 -1 
12 0 17 1259 744 91 166 -1 -1 -1 -1 
12 0 18 2422 816 114 154 -1 -1 -1 -1 
12 0 19 1143 813 107 184 -1 -1 -1 -1 
12 0 20 1915 494 79 142 -1 -1 -1 -1 
12 0 21 1496 667 99 150 -1 -1 -1 -1 
12 0 22 2359 665 109 171 -1 -1 -1 -1 
12 0 23 2599 516 94 130 -1 -1 -1 -1 
12 0 24 2143 413 72 118 -1 -1 -1 -1 
12 0 25 2735 613 105 136 -1 -1 -1 -1 
12 2 26 1334 342 137 143 -1 -1 -1 -1 
12 2 27 1800 251 159 187 -1 -1 -1 -1 
12 2 28 1301 190 125 118 -1 -1 -1 -1 
12 2 29 1483 97 80 81 -1 -1 -1 -1 
12 0 30 1753 362 65 112 -1 -1 -1 -1 
12 0 31 2403 498 84 112 -1 -1 -1 -1 
12 0 32 1323 523 86 131 -1 -1 -1 -1 
12 0 34 2312 456 83 125 -1 -1 -1 -1 
12 0 35 1784 496 78 126 -1 -1 -1 -1 
12 0 37 2102 557 84 113 -1 -1 -1 -1 
12 0 38 1069 702 97 155 -1 -1 -1 -1 
12 4 39 3710 902 120 239 -1 -1 -1 -1 
12 0 40 2525 440 77 122 -1 -1 -1 -1 
12 0 41 576 658 97 165 -1 -1 -1 -1 
12 0 42 2218 328 71 112 -1 -1 -1 -1 
12 0 43 936 542 79 133 -1 -1 -1 -1 
12 0 44 2073 356 62 112 -1 -1 -1 -1 
12 0 45 1855 431 59 114 -1 -1 -1 -1 
12 0 48 1408 605 84 136 -1 -1 -1 -1 
12 0 49 862 317 74 122 -1 -1 -1 -1 
12 0 51 1036 402 69 120 -1 -1 -1 -1 
12 0 54 1206 382 70 126 -1 -1 -1 -1 
12 2 55 1279 101 74 80 -1 -1 -1 -1 
12 4 56 2905 568 86 174 -1 -1 -1 -1 
12 0 58 863 624 90 151 -1 -1 -1 -1 
12 0 59 1467 288 61 85 -1 -1 -1 -1 
12 0 60 1762 243 43 82 -1 -1 -1 -1 
12 0 61 971 322 63 115 -1 -1 -1 -1 
12 0 62 2023 204 50 87 -1 -1 -1 -1 
12 0 63 2014 453 66 120 -1 -1 -1 -1 
12 2 64 2196 1635 705 514 -1 -1 -1 -1 
12 0 65 1486 210 51 78 -1 -1 -1 -1 
12 2 68 1020 549 211 205 -1 -1 -1 -1 
12 0 69 784 463 84 126 -1 -1 -1 -1 
12 0 72 433 818 131 155 -1 -1 -1 -1 
12 0 74 1115 320 59 99 -1 -1 -1 -1 
12 0 80 1879 175 49 78 -1 -1 -1 -1 
12 0 81 25 945 144 196 -1 -1 -1 -1 
12 0 83 3606 1266 219 256 -1 -1 -1 -1 
12 0 84 3016 1780 230 376 -1 -1 -1 -1 
13 2 1 3 1212 702 725 -1 -1 -1 -1 
13 2 2 703 827 323 342 -1 -1 -1 -1 
13 2 3 1928 874 362 357 -1 -1 -1 -1 
13 2 4 2024 658 256 222 -1 -1 -1 -1 
13 2 5 1297 858 307 334 -1 -1 -1 -1 
13 2 6 83 945 463 357 -1 -1 -1 -1 
13 2 7 1462 371 169 199 -1 -1 -1 -1 
13 0 8 893 1945 227 213 -1 -1 -1 -1 
13 0 9 1311 1965 224 189 -1 -1 -1 -1 
13 0 10 279 1915 303 241 -1 -1 -1 -1 
13 0 11 2591 1303 199 296 -1 -1 -1 -1 
13 0 12 2893 1171 176 236 -1 -1 -1 -1 
13 0 13 1103 1304 162 284 -1 -1 -1 -1 
13 0 14 1409 1331 162 274 -1 -1 -1 -1 
13 2 15 2197 197 124 105 -1 -1 -1 -1 
13 0 16 2558 789 116 157 -1 -1 -1 -1 
13 0 17 1260 748 90 163 -1 -1 -1 -1 
13 0 18 2410 804 117 153 -1 -1 -1 -1 
13 0 19 1142 819 108 186 -1 -1 -1 -1 
13 0 20 1915 489 78 145 -1 -1 -1 -1 
13 0 21 1497 667 100 152 -1 -1 -1 -1 
13 0 22 2355 649 107 169 -1 -1 -1 -1 
13 0 23 2595 509 95 130 -1 -1 -1 -1 
13 0 24 2139 411 74 122 -1 -1 -1 -1 
13 0 25 2728 609 109 138 -1 -1 -1 -1 
13 2 26 1331 341 142 148 -1 -1 -1 -1 
13 2 27 1795 249 168 189 -1 -1 -1 -1 
13 2 28 1303 188 123 120 -1 -1 -1 -1 
13 2 29 1480 96 85 82 -1 -1 -1 -1 
13 0 30 1752 360 66 113 -1 -1 -1 -1 
13 0 31 2399 493 81 111 -1 -1 -1 -1 
13 0 32 1326 522 84 133 -1 -1 -1 -1 
13 0 34 2305 451 91 121 -1 -1 -1 -1 
13 0 35 1786 475 79 145 -1 -1 -1 -1 
13 0 37 2102 554 81 112 -1 -1 -1 -1 
13 0 38 1061 702 92 155 -1 -1 -1 -1 
13 4 39 3716 903 116 239 -1 -1 -1 -1 
13 0 40 2523 438 78 119 -1 -1 -1 -1 
13 0 41 566 660 105 163 -1 -1 -1 -1 
13 0 42 2211 321 77 114 -1 -1 -1 -1 
13 0 43 934 546 80 134 -1 -1 -1 -1 
13 0 44 2072 347 62 116 -1 -1 -1 -1 
13 0 45 1854 429 60 114 -1 -1 -1 -1 
13 0 47 1995 594 86 121 -1 -1 -1 -1 
13 0 48 1407 607 86 137 -1 -1 -1 -1 
13 0 49 860 318 78 121 -1 -1 -1 -1 
13 0 54 1205 386 72 127 -1 -1 -1 -1 
13 2 55 1278 100 75 81 -1 -1 -1 -1 
13 4 56 2904 568 87 170 -1 -1 -1 -1 
13 0 58 854 626 95 155 -1 -1 -1 -1 
13 0 59 1467 286 62 86 -1 -1 -1 -1 
13 0 60 1761 242 44 82 -1 -1 -1 -1 
13 0 61 967 323 66 116 -1 -1 -1 -1 
13 0 63 2014 451 64 118 -1 -1 -1 -1 
13 2 64 2186 1620 709 539 -1 -1 -1 -1 
13 0 65 1488 209 52 79 -1 -1 -1 -1 
13 2 68 1017 547 217 212 -1 -1 -1 -1 
13 0 69 781 466 88 128 -1 -1 -1 -1 
13 0 72 434 826 133 157 -1 -1 -1 -1 
13 0 74 1114 319 58 102 -1 -1 -1 -1 
13 0 80 1878 172 50 80 -1 -1 -1 -1 
13 0 81 7 951 151 203 -1 -1 -1 -1 
13 0 83 3574 1238 222 264 -1 -1 -1 -1 
14 2 1 2 1221 686 738 -1 -1 -1 -1 
14 2 2 697 829 331 344 -1 -1 -1 -1 
14 2 3 1922 865 366 364 -1 -1 -1 -1 
14 2 4 2014 657 260 216 -1 -1 -1 -1 
14 2 5 1293 867 309 338 -1 -1 -1 -1 
14 2 6 76 949 457 360 -1 -1 -1 -1 
14 2 7 1462 379 168 197 -1 -1 -1 -1 
14 0 8 881 1964 239 195 -1 -1 -1 -1 
14 0 9 1317 1984 208 172 -1 -1 -1 -1 
14 0 10 262 1925 298 233 -1 -1 -1 -1 
14 0 11 2577 1287 201 293 -1 -1 -1 -1 
14 0 12 2872 1160 180 223 -1 -1 -1 -1 
14 0 13 1101 1325 160 284 -1 -1 -1 -1 
14 0 14 1410 1341 162 283 -1 -1 -1 -1 
14 2 15 2198 196 124 107 -1 -1 -1 -1 
14 0 16 2551 776 112 160 -1 -1 -1 -1 
14 0 17 1259 750 91 163 -1 -1 -1 -1 
14 0 18 2405 787 119 165 -1 -1 -1 -1 
14 0 19 1143 826 108 185 -1 -1 -1 -1 
14 0 20 1914 485 78 147 -1 -1 -1 -1 
14 0 21 1497 673 99 157 -1 -1 -1 -1 
14 0 22 2349 647 107 162 -1 -1 -1 -1 
14 0 23 2590 508 94 127 -1 -1 -1 -1 
14 0 24 2135 402 73 127 -1 -1 -1 -1 
14 0 25 2716 600 110 139 -1 -1 -1 -1 
14 2 26 1330 342 147 157 -1 -1 -1 -1 
14 2 27 1788 250 174 192 -1 -1 -1 -1 
14 2 28 1304 192 124 117 -1 -1 -1 -1 
14 2 29 1481 97 82 81 -1 -1 -1 -1 
14 0 31 2397 487 81 117 -1 -1 -1 -1 
14 0 32 1328 521 85 139 -1 -1 -1 -1 
14 0 34 2302 447 88 122 -1 -1 -1 -1 
14 0 35 1782 463 78 150 -1 -1 -1 -1 
14 0 37 2095 553 84 112 -1 -1 -1 -1 
14 0 38 1054 708 97 151 -1 -1 -1 -1 
14 4 39 3720 909 111 237 -1 -1 -1 -1 
14 0 40 2517 437 79 118 -1 -1 -1 -1 
14 0 41 567 668 95 158 -1 -1 -1 -1 
14 0 42 2207 309 79 125 -1 -1 -1 -1 
14 0 43 933 546 79 136 -1 -1 -1 -1 
14 0 44 2066 344 64 116 -1 -1 -1 -1 
14 0 47 1994 590 84 119 -1 -1 -1 -1 
14 0 48 1409 604 84 142 -1 -1 -1 -1 
14 0 49 858 319 78 121 -1 -1 -1 -1 
14 0 51 1033 395 69 119 -1 -1 -1 -1 
14 0 54 1201 398 73 112 -1 -1 -1 -1 
14 2 55 1277 99 79 82 -1 -1 -1 -1 
14 4 56 2899 569 87 166 -1 -1 -1 -1 
14 0 58 854 633 96 150 -1 -1 -1 -1 
14 0 59 1468 288 64 87 -1 -1 -1 -1 
14 0 61 962 325 68 112 -1 -1 -1 -1 
14 0 63 2009 446 67 123 -1 -1 -1 -1 
14 2 64 2177 1602 708 557 -1 -1 -1 -1 
14 0 65 1487 211 54 79 -1 -1 -1 -1 
14 2 68 1013 546 223 210 -1 -1 -1 -1 
14 0 69 779 467 86 123 -1 -1 -1 -1 
14 0 72 418 836 139 152 -1 -1 -1 -1 
14 0 74 1113 322 61 103 -1 -1 -1 -1 
14 0 81 6 952 144 213 -1 -1 -1 -1 
14 0 83 3543 1224 227 254 -1 -1 -1 -1 
15 2 1 0 1242 667 734 -1 -1 -1 -1 
15 2 2 692 832 336 340 -1 -1 -1 -1 
15 2 3 1923 857 363 369 -1 -1 -1 -1 
15 2 4 2014 651 257 214 -1 -1 -1 -1 
15 2 5 1289 873 310 338 -1 -1 -1 -1 
15 2 6 74 960 455 364 -1 -1 -1 -1 
15 2 7 1459 382 169 197 -1 -1 -1 -1 
15 0 8 872 1960 245 197 -1 -1 -1 -1 
15 0 10 242 1900 369 258 -1 -1 -1 -1 
15 0 11 2571 1271 190 288 -1 -1 -1 -1 
15 0 12 2862 1145 172 231 -1 -1 -1 -1 
15 0 13 1096 1341 159 283 -1 -1 -1 -1 
15 0 14 1402 1353 170 287 -1 -1 -1 -1 
15 2 15 2198 197 123 104 -1 -1 -1 -1 
15 0 16 2547 771 112 161 -1 -1 -1 -1 
15 0 17 1259 757 90 158 -1 -1 -1 -1 
15 0 18 2400 773 116 168 -1 -1 -1 -1 
15 0 19 1141 826 112 186 -1 -1 -1 -1 
15 0 20 1915 478 77 148 -1 -1 -1 -1 
15 0 21 1495 676 102 158 -1 -1 -1 -1 
15 0 22 2347 640 101 162 -1 -1 -1 -1 
15 0 23 2583 504 96 126 -1 -1 -1 -1 
15 0 24 2132 399 75 129 -1 -1 -1 -1 
15 0 25 2709 593 109 139 -1 -1 -1 -1 
15 2 26 1330 344 149 156 -1 -1 -1 -1 
15 2 27 1786 254 171 182 -1 -1 -1 -1 
15 2 28 1304 192 124 117 -1 -1 -1 -1 
15 2 29 1480 97 85 82 -1 -1 -1 -1 
15 0 31 2396 481 82 122 -1 -1 -1 -1 
15 0 32 1331 529 86 138 -1 -1 -1 -1 
15 0 34 2298 438 92 128 -1 -1 -1 -1 
15 0 35 1782 469 81 144 -1 -1 -1 -1 
15 0 37 2094 546 83 110 -1 -1 -1 -1 
15 0 38 1050 718 95 147 -1 -1 -1 -1 
15 4 39 3729 898 102 244 -1 -1 -1 -1 
15 0 40 2514 426 78 122 -1 -1 -1 -1 
15 0 41 555 673 106 155 -1 -1 -1 -1 
15 0 42 2206 309 78 125 -1 -1 -1 -1 
15 0 43 928 553 82 129 -1 -1 -1 -1 
15 0 44 2066 344 61 113 -1 -1 -1 -1 
15 0 48 1409 606 84 143 -1 -1 -1 -1 
15 0 51 1032 397 68 118 -1 -1 -1 -1 
15 0 54 1201 399 74 112 -1 -1 -1 -1 
15 2 55 1279 98 77 82 -1 -1 -1 -1 
15 4 56 2898 556 87 180 -1 -1 -1 -1 
15 0 58 854 636 92 149 -1 -1 -1 -1 
15 0 59 1467 288 66 89 -1 -1 -1 -1 
15 0 60 1761 240 44 79 -1 -1 -1 -1 
15 0 61 961 326 64 112 -1 -1 -1 -1 
15 0 63 2005 449 69 114 -1 -1 -1 -1 
15 2 64 2169 1583 696 573 -1 -1 -1 -1 
15 0 65 1490 210 53 79 -1 -1 -1 -1 
15 2 68 1011 549 227 209 -1 -1 -1 -1 
15 0 69 779 472 88 121 -1 -1 -1 -1 
15 0 72 404 830 136 158 -1 -1 -1 -1 
15 0 74 1113 322 60 103 -1 -1 -1 -1 
15 0 80 1872 171 52 76 -1 -1 -1 -1 
15 0 81 0 975 138 207 -1 -1 -1 -1 
15 0 83 3523 1210 215 245 -1 -1 -1 -1 
15 0 84 2953 1723 218 332 -1 -1 -1 -1 
15 4 86 2810 418 62 132 -1 -1 -1 -1 
