3 2 1 385 62 123 160 -1 -1 -1 -1 
3 0 2 941 567 161 137 -1 -1 -1 -1 
4 2 1 384 63 125 160 -1 -1 -1 -1 
4 0 2 937 566 167 139 -1 -1 -1 -1 
5 2 1 387 66 124 155 -1 -1 -1 -1 
6 2 1 388 66 122 155 -1 -1 -1 -1 
7 2 1 390 59 126 176 -1 -1 -1 -1 
7 0 2 949 533 112 116 -1 -1 -1 -1 
8 2 1 389 59 128 177 -1 -1 -1 -1 
8 0 2 949 533 111 116 -1 -1 -1 -1 
9 2 1 389 59 128 177 -1 -1 -1 -1 
9 0 2 949 533 111 115 -1 -1 -1 -1 
9 0 4 876 558 153 141 -1 -1 -1 -1 
9 0 5 295 165 59 86 -1 -1 -1 -1 
10 2 1 389 71 130 167 -1 -1 -1 -1 
10 0 2 947 526 99 114 -1 -1 -1 -1 
10 0 4 868 573 123 134 -1 -1 -1 -1 
11 2 1 389 71 130 168 -1 -1 -1 -1 
11 0 2 948 526 97 113 -1 -1 -1 -1 
11 0 4 869 575 121 131 -1 -1 -1 -1 
12 2 1 396 82 126 164 -1 -1 -1 -1 
12 0 2 928 497 85 111 -1 -1 -1 -1 
12 0 4 834 525 136 147 -1 -1 -1 -1 
12 0 5 300 184 58 93 -1 -1 -1 -1 
13 2 1 396 83 126 164 -1 -1 -1 -1 
13 0 2 929 496 83 111 -1 -1 -1 -1 
13 0 4 833 523 137 149 -1 -1 -1 -1 
13 0 5 299 185 60 93 -1 -1 -1 -1 
14 2 1 397 83 125 164 -1 -1 -1 -1 
14 0 2 929 496 83 111 -1 -1 -1 -1 
14 0 4 833 523 138 150 -1 -1 -1 -1 
14 0 5 299 184 60 94 -1 -1 -1 -1 
14 0 7 702 317 89 113 -1 -1 -1 -1 
15 2 1 397 85 127 163 -1 -1 -1 -1 
15 0 2 920 492 89 94 -1 -1 -1 -1 
15 0 4 824 492 127 155 -1 -1 -1 -1 
15 0 5 300 191 63 94 -1 -1 -1 -1 
15 0 7 697 326 83 95 -1 -1 -1 -1 
16 2 1 397 86 127 162 -1 -1 -1 -1 
16 0 2 921 494 87 91 -1 -1 -1 -1 
16 0 4 823 491 128 156 -1 -1 -1 -1 
16 0 5 299 192 64 93 -1 -1 -1 -1 
16 0 7 698 328 81 91 -1 -1 -1 -1 
17 2 1 394 58 141 191 -1 -1 -1 -1 
17 0 2 893 454 88 100 -1 -1 -1 -1 
17 0 4 816 483 128 159 -1 -1 -1 -1 
17 0 5 304 201 61 111 -1 -1 -1 -1 
18 2 1 392 56 144 193 -1 -1 -1 -1 
18 0 2 893 454 88 100 -1 -1 -1 -1 
18 0 5 304 201 62 113 -1 -1 -1 -1 
19 2 1 391 49 146 206 -1 -1 -1 -1 
19 0 2 891 446 81 101 -1 -1 -1 -1 
19 0 4 787 452 104 130 -1 -1 -1 -1 
19 0 5 303 204 64 116 -1 -1 -1 -1 
19 2 8 362 35 62 60 -1 -1 -1 -1 
20 2 1 390 48 148 208 -1 -1 -1 -1 
20 0 2 891 445 81 102 -1 -1 -1 -1 
20 0 4 787 453 104 128 -1 -1 -1 -1 
20 0 5 302 204 65 117 -1 -1 -1 -1 
20 2 8 363 36 60 60 -1 -1 -1 -1 
21 2 1 390 48 148 208 -1 -1 -1 -1 
21 0 2 890 446 83 101 -1 -1 -1 -1 
21 0 4 788 453 102 128 -1 -1 -1 -1 
21 0 5 303 205 64 115 -1 -1 -1 -1 
21 2 8 363 36 60 60 -1 -1 -1 -1 
22 2 1 397 83 140 185 -1 -1 -1 -1 
22 0 2 866 419 86 99 -1 -1 -1 -1 
22 0 4 758 437 91 115 -1 -1 -1 -1 
22 0 5 302 226 83 113 -1 -1 -1 -1 
23 2 1 397 85 140 186 -1 -1 -1 -1 
23 0 2 867 418 84 99 -1 -1 -1 -1 
23 0 4 759 437 89 113 -1 -1 -1 -1 
23 0 5 302 228 83 113 -1 -1 -1 -1 
24 2 1 399 90 140 184 -1 -1 -1 -1 
24 0 2 870 423 74 88 -1 -1 -1 -1 
25 2 1 399 91 140 183 -1 -1 -1 -1 
25 0 2 870 423 73 87 -1 -1 -1 -1 
26 2 1 399 91 140 183 -1 -1 -1 -1 
26 0 2 871 424 72 86 -1 -1 -1 -1 
27 2 1 398 98 141 179 -1 -1 -1 -1 
27 0 2 842 391 80 88 -1 -1 -1 -1 
27 0 5 314 248 81 138 -1 -1 -1 -1 
28 2 1 398 99 141 179 -1 -1 -1 -1 
28 0 2 841 390 81 88 -1 -1 -1 -1 
28 0 5 313 248 83 139 -1 -1 -1 -1 
29 2 1 390 69 151 210 -1 -1 -1 -1 
29 0 2 840 383 82 91 -1 -1 -1 -1 
29 0 5 313 263 86 140 -1 -1 -1 -1 
29 2 8 361 40 66 64 -1 -1 -1 -1 
29 2 9 371 51 44 45 -1 -1 -1 -1 
30 2 1 389 69 153 210 -1 -1 -1 -1 
30 0 2 840 382 82 92 -1 -1 -1 -1 
30 0 5 313 264 86 140 -1 -1 -1 -1 
30 2 8 360 40 68 65 -1 -1 -1 -1 
30 2 9 370 50 46 47 -1 -1 -1 -1 
31 2 1 388 66 158 228 -1 -1 -1 -1 
31 0 2 821 374 84 78 -1 -1 -1 -1 
31 0 5 321 290 92 149 -1 -1 -1 -1 
31 2 8 360 40 68 65 -1 -1 -1 -1 
32 2 1 388 67 158 228 -1 -1 -1 -1 
32 0 2 823 377 81 74 -1 -1 -1 -1 
32 0 5 321 289 93 152 -1 -1 -1 -1 
32 0 10 876 577 151 133 -1 -1 -1 -1 
