3 2 1 392 60 122 173 -1 -1 -1 -1 
3 0 3 299 158 48 76 -1 -1 -1 -1 
3 0 4 752 304 73 78 -1 -1 -1 -1 
3 0 5 975 573 115 137 -1 -1 -1 -1 
3 0 6 708 236 48 58 -1 -1 -1 -1 
3 0 7 572 168 46 65 -1 -1 -1 -1 
3 0 8 357 92 34 56 -1 -1 -1 -1 
3 2 9 361 33 48 44 -1 -1 -1 -1 
4 2 1 391 61 124 173 -1 -1 -1 -1 
4 0 3 298 157 50 78 -1 -1 -1 -1 
4 0 4 753 301 73 80 -1 -1 -1 -1 
4 0 5 974 572 117 139 -1 -1 -1 -1 
4 0 6 708 237 47 56 -1 -1 -1 -1 
4 0 7 571 167 48 65 -1 -1 -1 -1 
4 0 8 358 93 32 56 -1 -1 -1 -1 
4 2 9 360 34 50 44 -1 -1 -1 -1 
5 2 1 392 61 124 175 -1 -1 -1 -1 
5 0 3 296 162 52 79 -1 -1 -1 -1 
5 0 4 748 298 73 77 -1 -1 -1 -1 
5 0 5 971 574 111 112 -1 -1 -1 -1 
5 0 6 707 238 49 54 -1 -1 -1 -1 
5 0 7 567 166 49 62 -1 -1 -1 -1 
5 0 8 359 93 31 56 -1 -1 -1 -1 
5 2 9 361 34 50 44 -1 -1 -1 -1 
5 0 10 757 409 88 117 -1 -1 -1 -1 
6 2 1 392 61 124 175 -1 -1 -1 -1 
6 0 3 296 162 52 79 -1 -1 -1 -1 
6 0 4 749 298 71 76 -1 -1 -1 -1 
6 0 5 971 574 111 111 -1 -1 -1 -1 
6 0 6 708 239 47 52 -1 -1 -1 -1 
6 0 7 568 166 47 61 -1 -1 -1 -1 
6 0 8 358 93 32 57 -1 -1 -1 -1 
6 2 9 360 34 52 45 -1 -1 -1 -1 
6 0 10 758 410 86 115 -1 -1 -1 -1 
7 2 1 393 70 126 170 -1 -1 -1 -1 
7 0 3 299 177 50 80 -1 -1 -1 -1 
7 0 4 742 284 64 75 -1 -1 -1 -1 
7 0 5 954 536 99 116 -1 -1 -1 -1 
7 0 6 709 232 47 53 -1 -1 -1 -1 
7 0 7 557 148 45 65 -1 -1 -1 -1 
7 0 8 356 95 31 58 -1 -1 -1 -1 
7 2 9 360 34 52 46 -1 -1 -1 -1 
7 0 10 737 373 78 115 -1 -1 -1 -1 
8 2 1 393 72 126 169 -1 -1 -1 -1 
8 0 3 298 178 52 80 -1 -1 -1 -1 
8 0 4 743 284 62 74 -1 -1 -1 -1 
8 0 5 953 534 101 118 -1 -1 -1 -1 
8 0 6 709 232 47 53 -1 -1 -1 -1 
8 0 7 556 147 47 66 -1 -1 -1 -1 
8 0 8 355 95 33 59 -1 -1 -1 -1 
8 2 9 359 35 54 46 -1 -1 -1 -1 
8 0 10 737 373 78 114 -1 -1 -1 -1 
9 2 1 393 72 126 169 -1 -1 -1 -1 
9 0 3 298 178 52 80 -1 -1 -1 -1 
9 0 4 743 283 62 75 -1 -1 -1 -1 
9 0 5 953 535 101 118 -1 -1 -1 -1 
9 0 6 709 232 47 53 -1 -1 -1 -1 
9 0 7 556 147 47 66 -1 -1 -1 -1 
9 0 8 355 96 33 58 -1 -1 -1 -1 
9 2 9 359 35 54 46 -1 -1 -1 -1 
9 0 10 737 373 78 114 -1 -1 -1 -1 
9 0 11 873 605 121 114 -1 -1 -1 -1 
9 0 12 278 100 30 58 -1 -1 -1 -1 
9 0 13 315 89 27 48 -1 -1 -1 -1 
10 2 1 393 78 127 164 -1 -1 -1 -1 
10 0 3 298 183 53 80 -1 -1 -1 -1 
10 0 4 736 277 65 74 -1 -1 -1 -1 
10 0 5 945 526 98 115 -1 -1 -1 -1 
10 0 6 708 231 49 53 -1 -1 -1 -1 
10 0 7 554 144 45 65 -1 -1 -1 -1 
10 0 8 356 98 31 59 -1 -1 -1 -1 
10 2 9 360 36 53 46 -1 -1 -1 -1 
10 0 10 726 358 80 115 -1 -1 -1 -1 
10 0 11 861 594 121 125 -1 -1 -1 -1 
10 0 12 277 101 30 58 -1 -1 -1 -1 
10 0 13 312 90 25 49 -1 -1 -1 -1 
11 2 1 394 79 125 164 -1 -1 -1 -1 
11 0 3 298 184 53 79 -1 -1 -1 -1 
11 0 4 737 277 63 73 -1 -1 -1 -1 
11 0 5 945 526 98 115 -1 -1 -1 -1 
11 0 6 709 232 47 51 -1 -1 -1 -1 
11 0 7 554 144 45 64 -1 -1 -1 -1 
11 0 8 355 99 33 59 -1 -1 -1 -1 
11 2 9 360 37 53 46 -1 -1 -1 -1 
11 0 10 726 357 80 116 -1 -1 -1 -1 
11 0 11 860 593 123 126 -1 -1 -1 -1 
11 0 12 277 102 29 58 -1 -1 -1 -1 
11 0 13 312 91 25 49 -1 -1 -1 -1 
12 2 1 394 86 131 170 -1 -1 -1 -1 
12 0 3 300 194 58 89 -1 -1 -1 -1 
12 0 4 741 277 53 62 -1 -1 -1 -1 
12 0 5 930 506 87 98 -1 -1 -1 -1 
12 0 6 712 227 45 52 -1 -1 -1 -1 
12 0 7 547 133 42 62 -1 -1 -1 -1 
12 0 8 352 108 32 56 -1 -1 -1 -1 
12 2 9 361 37 52 46 -1 -1 -1 -1 
12 0 10 705 333 79 107 -1 -1 -1 -1 
12 0 11 829 532 113 158 -1 -1 -1 -1 
13 2 1 393 87 133 170 -1 -1 -1 -1 
13 0 3 299 193 60 91 -1 -1 -1 -1 
13 0 4 742 277 51 61 -1 -1 -1 -1 
13 0 5 931 507 85 96 -1 -1 -1 -1 
13 0 6 712 227 45 52 -1 -1 -1 -1 
13 0 7 548 133 40 61 -1 -1 -1 -1 
13 0 8 353 109 30 55 -1 -1 -1 -1 
13 0 10 706 334 77 105 -1 -1 -1 -1 
13 0 11 828 531 115 160 -1 -1 -1 -1 
13 0 13 307 99 29 48 -1 -1 -1 -1 
14 2 1 393 87 133 170 -1 -1 -1 -1 
14 0 3 299 193 60 91 -1 -1 -1 -1 
14 0 4 742 278 51 60 -1 -1 -1 -1 
14 0 5 931 507 85 96 -1 -1 -1 -1 
14 0 6 712 227 45 52 -1 -1 -1 -1 
14 0 7 548 133 40 61 -1 -1 -1 -1 
14 0 8 353 109 30 55 -1 -1 -1 -1 
14 0 10 706 334 77 105 -1 -1 -1 -1 
14 0 11 828 531 115 160 -1 -1 -1 -1 
14 0 13 307 99 28 48 -1 -1 -1 -1 
15 2 1 394 84 131 171 -1 -1 -1 -1 
15 0 3 300 198 59 92 -1 -1 -1 -1 
15 0 4 739 274 51 59 -1 -1 -1 -1 
15 0 5 923 489 85 103 -1 -1 -1 -1 
15 0 6 714 226 44 53 -1 -1 -1 -1 
15 0 7 542 132 43 61 -1 -1 -1 -1 
15 0 8 351 109 32 55 -1 -1 -1 -1 
15 0 10 700 327 76 100 -1 -1 -1 -1 
15 0 11 819 522 110 149 -1 -1 -1 -1 
15 0 13 308 99 27 49 -1 -1 -1 -1 
16 2 1 397 86 128 172 -1 -1 -1 -1 
16 0 3 299 198 61 93 -1 -1 -1 -1 
16 0 4 740 275 49 57 -1 -1 -1 -1 
16 0 5 921 489 84 105 -1 -1 -1 -1 
16 0 6 714 226 44 53 -1 -1 -1 -1 
16 0 7 543 132 41 60 -1 -1 -1 -1 
16 0 8 352 110 30 54 -1 -1 -1 -1 
16 0 10 701 328 74 98 -1 -1 -1 -1 
16 0 11 819 522 110 149 -1 -1 -1 -1 
16 0 13 307 99 29 50 -1 -1 -1 -1 
17 2 1 394 72 133 194 -1 -1 -1 -1 
17 0 3 303 215 64 101 -1 -1 -1 -1 
17 0 4 727 260 55 61 -1 -1 -1 -1 
17 0 5 890 458 89 104 -1 -1 -1 -1 
17 0 6 714 225 45 54 -1 -1 -1 -1 
17 0 7 534 121 43 57 -1 -1 -1 -1 
17 0 8 347 115 34 56 -1 -1 -1 -1 
17 0 10 675 306 72 95 -1 -1 -1 -1 
17 0 11 791 474 102 143 -1 -1 -1 -1 
18 2 1 393 72 135 195 -1 -1 -1 -1 
18 0 3 302 215 66 103 -1 -1 -1 -1 
18 0 4 727 259 56 62 -1 -1 -1 -1 
18 0 5 890 458 88 103 -1 -1 -1 -1 
18 0 7 535 121 41 56 -1 -1 -1 -1 
18 0 8 346 115 35 57 -1 -1 -1 -1 
18 0 10 675 306 71 94 -1 -1 -1 -1 
18 0 11 791 474 102 144 -1 -1 -1 -1 
18 0 13 307 99 30 54 -1 -1 -1 -1 
19 2 1 394 73 136 194 -1 -1 -1 -1 
19 0 3 303 222 66 103 -1 -1 -1 -1 
19 0 4 724 256 54 62 -1 -1 -1 -1 
19 0 5 889 447 81 103 -1 -1 -1 -1 
19 0 7 533 118 42 56 -1 -1 -1 -1 
19 0 8 345 117 37 57 -1 -1 -1 -1 
19 0 10 672 298 67 96 -1 -1 -1 -1 
19 0 11 782 468 98 136 -1 -1 -1 -1 
19 0 13 306 103 29 52 -1 -1 -1 -1 
20 2 1 394 74 137 193 -1 -1 -1 -1 
20 0 3 303 222 66 103 -1 -1 -1 -1 
20 0 4 724 256 54 62 -1 -1 -1 -1 
20 0 5 889 446 81 103 -1 -1 -1 -1 
20 0 7 534 118 40 55 -1 -1 -1 -1 
20 0 8 345 118 37 57 -1 -1 -1 -1 
20 0 10 672 298 67 96 -1 -1 -1 -1 
20 0 11 782 468 98 135 -1 -1 -1 -1 
20 0 13 306 103 29 52 -1 -1 -1 -1 
21 2 1 394 73 137 194 -1 -1 -1 -1 
21 0 3 303 222 66 103 -1 -1 -1 -1 
21 0 4 724 256 54 62 -1 -1 -1 -1 
21 0 5 889 447 82 103 -1 -1 -1 -1 
21 0 7 534 118 40 55 -1 -1 -1 -1 
21 0 8 345 118 37 57 -1 -1 -1 -1 
21 0 10 672 298 67 96 -1 -1 -1 -1 
21 0 11 782 468 98 135 -1 -1 -1 -1 
21 0 13 306 104 29 51 -1 -1 -1 -1 
21 0 14 440 27 20 32 -1 -1 -1 -1 
22 2 1 393 75 143 198 -1 -1 -1 -1 
22 0 3 309 241 68 113 -1 -1 -1 -1 
22 0 4 722 250 49 61 -1 -1 -1 -1 
22 0 5 865 421 83 103 -1 -1 -1 -1 
22 0 7 528 113 36 53 -1 -1 -1 -1 
22 0 8 338 125 42 56 -1 -1 -1 -1 
22 2 9 364 38 57 55 -1 -1 -1 -1 
22 0 10 657 281 62 83 -1 -1 -1 -1 
22 0 11 754 430 93 127 -1 -1 -1 -1 
22 0 13 306 105 28 51 -1 -1 -1 -1 
23 2 1 392 76 145 198 -1 -1 -1 -1 
23 0 3 308 241 70 115 -1 -1 -1 -1 
23 0 4 723 250 47 60 -1 -1 -1 -1 
23 0 5 864 420 84 104 -1 -1 -1 -1 
23 0 7 529 113 34 52 -1 -1 -1 -1 
23 0 8 338 126 41 56 -1 -1 -1 -1 
23 2 9 365 38 56 56 -1 -1 -1 -1 
23 0 10 658 282 60 81 -1 -1 -1 -1 
23 0 11 754 430 92 126 -1 -1 -1 -1 
24 2 1 394 90 142 186 -1 -1 -1 -1 
24 0 3 312 245 69 120 -1 -1 -1 -1 
24 0 4 719 244 50 64 -1 -1 -1 -1 
24 0 5 858 419 87 96 -1 -1 -1 -1 
24 0 7 525 106 35 56 -1 -1 -1 -1 
24 0 8 338 128 37 56 -1 -1 -1 -1 
24 2 9 366 38 55 56 -1 -1 -1 -1 
24 0 10 653 270 61 80 -1 -1 -1 -1 
25 2 1 394 91 141 186 -1 -1 -1 -1 
25 0 3 311 244 71 122 -1 -1 -1 -1 
25 0 4 718 244 52 65 -1 -1 -1 -1 
25 0 5 859 420 85 94 -1 -1 -1 -1 
25 0 7 525 105 35 57 -1 -1 -1 -1 
25 0 8 338 128 37 57 -1 -1 -1 -1 
25 0 10 653 270 61 79 -1 -1 -1 -1 
25 0 11 747 419 90 121 -1 -1 -1 -1 
26 2 1 394 92 141 185 -1 -1 -1 -1 
26 0 3 311 244 71 122 -1 -1 -1 -1 
26 0 4 718 244 51 64 -1 -1 -1 -1 
26 0 5 859 420 85 94 -1 -1 -1 -1 
26 0 7 524 105 36 57 -1 -1 -1 -1 
26 0 8 338 128 38 57 -1 -1 -1 -1 
26 0 10 653 270 61 79 -1 -1 -1 -1 
26 0 11 747 419 90 121 -1 -1 -1 -1 
27 2 1 398 121 141 160 -1 -1 -1 -1 
27 0 3 319 271 74 127 -1 -1 -1 -1 
27 0 4 710 243 53 58 -1 -1 -1 -1 
27 0 5 845 399 77 88 -1 -1 -1 -1 
27 0 7 525 100 29 54 -1 -1 -1 -1 
27 0 8 335 135 38 61 -1 -1 -1 -1 
27 2 9 365 41 57 57 -1 -1 -1 -1 
27 0 10 634 253 57 75 -1 -1 -1 -1 
27 0 11 724 390 85 111 -1 -1 -1 -1 
28 2 1 399 123 139 159 -1 -1 -1 -1 
28 0 3 318 271 76 128 -1 -1 -1 -1 
28 0 4 711 244 51 56 -1 -1 -1 -1 
28 0 5 845 400 76 86 -1 -1 -1 -1 
28 0 7 525 101 29 52 -1 -1 -1 -1 
28 0 8 334 135 40 62 -1 -1 -1 -1 
28 2 9 365 42 57 55 -1 -1 -1 -1 
28 0 10 635 254 55 73 -1 -1 -1 -1 
28 0 11 725 391 83 109 -1 -1 -1 -1 
29 2 1 396 91 144 195 -1 -1 -1 -1 
29 0 3 321 280 78 129 -1 -1 -1 -1 
29 0 4 709 243 51 55 -1 -1 -1 -1 
29 0 5 840 392 75 87 -1 -1 -1 -1 
29 0 7 527 103 24 49 -1 -1 -1 -1 
29 0 8 333 136 40 63 -1 -1 -1 -1 
29 2 9 364 42 55 55 -1 -1 -1 -1 
29 0 10 630 250 55 72 -1 -1 -1 -1 
29 0 11 713 376 88 108 -1 -1 -1 -1 
29 0 17 907 616 91 102 -1 -1 -1 -1 
30 2 1 395 91 146 196 -1 -1 -1 -1 
30 0 3 321 280 79 130 -1 -1 -1 -1 
30 0 4 711 244 48 53 -1 -1 -1 -1 
30 0 5 840 392 75 87 -1 -1 -1 -1 
30 0 7 528 103 22 48 -1 -1 -1 -1 
30 0 8 333 137 40 62 -1 -1 -1 -1 
30 2 9 364 43 55 55 -1 -1 -1 -1 
30 0 10 631 251 54 71 -1 -1 -1 -1 
30 0 11 713 376 88 109 -1 -1 -1 -1 
30 0 17 907 615 92 104 -1 -1 -1 -1 
