81 3 1 1584 381 86 67 -1 -1 -1 -1 
81 3 2 1224 407 101 65 -1 -1 -1 -1 
81 3 4 921 425 111 89 -1 -1 -1 -1 
81 2 6 330 475 178 91 -1 -1 -1 -1 
81 0 8 179 546 35 84 -1 -1 -1 -1 
82 3 1 1600 379 77 68 -1 -1 -1 -1 
82 3 2 1235 405 103 66 -1 -1 -1 -1 
82 3 4 932 437 120 77 -1 -1 -1 -1 
82 2 6 336 473 181 94 -1 -1 -1 -1 
82 0 8 179 546 36 84 -1 -1 -1 -1 
83 3 1 1606 378 81 68 -1 -1 -1 -1 
83 3 2 1247 404 105 67 -1 -1 -1 -1 
83 3 4 946 432 114 80 -1 -1 -1 -1 
83 2 6 346 471 180 96 -1 -1 -1 -1 
84 3 1 1616 376 83 70 -1 -1 -1 -1 
84 3 2 1264 405 100 63 -1 -1 -1 -1 
84 3 4 958 428 115 84 -1 -1 -1 -1 
84 2 6 357 465 177 98 -1 -1 -1 -1 
85 3 1 1631 374 79 70 -1 -1 -1 -1 
85 3 2 1277 410 99 58 -1 -1 -1 -1 
85 3 4 972 438 117 74 -1 -1 -1 -1 
85 2 6 364 462 185 101 -1 -1 -1 -1 
85 0 8 179 545 36 85 -1 -1 -1 -1 
86 3 1 1641 372 76 69 -1 -1 -1 -1 
86 3 2 1294 381 92 80 -1 -1 -1 -1 
86 3 4 984 429 116 80 -1 -1 -1 -1 
86 2 6 374 463 185 97 -1 -1 -1 -1 
86 0 8 180 545 34 85 -1 -1 -1 -1 
87 3 1 1648 377 79 66 -1 -1 -1 -1 
87 3 2 1304 380 95 81 -1 -1 -1 -1 
87 3 4 997 429 116 80 -1 -1 -1 -1 
87 2 6 382 463 186 97 -1 -1 -1 -1 
87 0 8 180 546 34 84 -1 -1 -1 -1 
88 3 1 1663 375 74 66 -1 -1 -1 -1 
88 3 2 1317 376 93 83 -1 -1 -1 -1 
88 3 4 1009 426 114 82 -1 -1 -1 -1 
88 2 6 392 462 185 97 -1 -1 -1 -1 
88 0 8 179 545 37 85 -1 -1 -1 -1 
89 3 1 1671 376 76 60 -1 -1 -1 -1 
89 3 2 1325 394 100 66 -1 -1 -1 -1 
89 3 4 1020 424 117 84 -1 -1 -1 -1 
90 3 1 1681 377 77 60 -1 -1 -1 -1 
90 3 2 1341 375 93 81 -1 -1 -1 -1 
90 3 4 1034 421 117 84 -1 -1 -1 -1 
90 2 6 408 460 192 97 -1 -1 -1 -1 
91 3 1 1691 376 73 58 -1 -1 -1 -1 
91 3 2 1354 371 94 88 -1 -1 -1 -1 
91 3 4 1049 417 116 86 -1 -1 -1 -1 
91 2 6 417 458 190 97 -1 -1 -1 -1 
92 3 1 1701 375 71 59 -1 -1 -1 -1 
92 3 2 1364 370 99 87 -1 -1 -1 -1 
92 3 4 1060 417 116 86 -1 -1 -1 -1 
92 2 6 426 454 191 102 -1 -1 -1 -1 
93 3 1 1711 373 71 60 -1 -1 -1 -1 
93 3 2 1382 375 93 79 -1 -1 -1 -1 
93 3 4 1072 434 124 71 -1 -1 -1 -1 
93 2 6 435 450 194 104 -1 -1 -1 -1 
94 3 1 1719 374 72 58 -1 -1 -1 -1 
94 3 2 1390 376 96 77 -1 -1 -1 -1 
94 3 4 1088 424 113 75 -1 -1 -1 -1 
94 2 6 444 450 196 100 -1 -1 -1 -1 
95 3 1 1730 375 68 56 -1 -1 -1 -1 
95 3 2 1406 380 91 74 -1 -1 -1 -1 
95 3 4 1100 425 115 76 -1 -1 -1 -1 
95 2 6 454 453 198 97 -1 -1 -1 -1 
96 3 1 1740 374 66 57 -1 -1 -1 -1 
96 3 2 1416 381 92 71 -1 -1 -1 -1 
96 3 4 1115 417 112 80 -1 -1 -1 -1 
96 2 6 466 451 192 97 -1 -1 -1 -1 
97 3 1 1750 375 63 55 -1 -1 -1 -1 
97 3 2 1432 379 90 70 -1 -1 -1 -1 
97 3 4 1126 424 118 73 -1 -1 -1 -1 
97 2 6 469 449 204 107 -1 -1 -1 -1 
98 3 1 1757 373 66 56 -1 -1 -1 -1 
98 3 2 1444 378 87 69 -1 -1 -1 -1 
98 3 4 1142 423 115 73 -1 -1 -1 -1 
98 2 6 480 445 204 103 -1 -1 -1 -1 
99 3 1 1767 374 67 56 -1 -1 -1 -1 
99 3 2 1456 383 85 68 -1 -1 -1 -1 
99 3 4 1156 419 109 76 -1 -1 -1 -1 
99 2 6 492 447 204 105 -1 -1 -1 -1 
100 3 1 1776 371 63 57 -1 -1 -1 -1 
100 3 2 1468 367 88 79 -1 -1 -1 -1 
100 3 4 1167 417 109 76 -1 -1 -1 -1 
100 2 6 504 441 202 105 -1 -1 -1 -1 
100 0 8 178 543 43 90 -1 -1 -1 -1 
101 3 1 1784 370 63 57 -1 -1 -1 -1 
101 3 2 1483 369 85 78 -1 -1 -1 -1 
101 3 4 1181 425 113 70 -1 -1 -1 -1 
101 2 6 518 440 195 104 -1 -1 -1 -1 
101 0 8 178 541 34 89 -1 -1 -1 -1 
102 3 1 1792 372 67 56 -1 -1 -1 -1 
102 3 2 1496 368 85 78 -1 -1 -1 -1 
102 3 4 1196 419 109 74 -1 -1 -1 -1 
102 2 6 522 438 203 105 -1 -1 -1 -1 
102 0 8 178 542 35 89 -1 -1 -1 -1 
103 3 1 1802 368 62 59 -1 -1 -1 -1 
103 3 2 1504 380 82 68 -1 -1 -1 -1 
103 3 4 1207 423 109 70 -1 -1 -1 -1 
103 2 6 532 438 205 104 -1 -1 -1 -1 
103 0 8 178 541 35 89 -1 -1 -1 -1 
103 3 9 239 514 91 64 -1 -1 -1 -1 
104 3 1 1811 367 62 60 -1 -1 -1 -1 
104 3 2 1509 379 88 68 -1 -1 -1 -1 
104 3 4 1220 419 111 71 -1 -1 -1 -1 
104 2 6 543 436 208 104 -1 -1 -1 -1 
104 0 8 177 541 37 89 -1 -1 -1 -1 
105 3 1 1819 364 61 62 -1 -1 -1 -1 
105 3 2 1521 379 88 67 -1 -1 -1 -1 
105 3 4 1235 420 109 70 -1 -1 -1 -1 
105 2 6 553 435 204 103 -1 -1 -1 -1 
105 0 8 178 541 35 88 -1 -1 -1 -1 
105 3 9 263 507 86 69 -1 -1 -1 -1 
106 3 1 1825 367 63 58 -1 -1 -1 -1 
106 3 2 1537 372 80 67 -1 -1 -1 -1 
106 3 4 1249 414 106 76 -1 -1 -1 -1 
106 2 6 563 434 208 103 -1 -1 -1 -1 
106 0 8 179 543 33 86 -1 -1 -1 -1 
106 3 9 271 505 87 70 -1 -1 -1 -1 
107 3 1 1835 365 58 60 -1 -1 -1 -1 
107 3 2 1548 370 81 67 -1 -1 -1 -1 
107 3 4 1261 422 104 66 -1 -1 -1 -1 
107 2 6 571 434 213 100 -1 -1 -1 -1 
107 0 8 180 542 31 85 -1 -1 -1 -1 
108 3 1 1843 364 59 61 -1 -1 -1 -1 
108 3 2 1560 367 80 68 -1 -1 -1 -1 
108 3 4 1274 419 108 66 -1 -1 -1 -1 
108 2 6 587 431 206 104 -1 -1 -1 -1 
108 0 8 179 543 34 85 -1 -1 -1 -1 
109 3 1 1849 361 59 61 -1 -1 -1 -1 
109 3 2 1570 364 80 70 -1 -1 -1 -1 
109 3 4 1289 424 100 61 -1 -1 -1 -1 
109 2 6 596 432 205 100 -1 -1 -1 -1 
109 0 8 179 543 37 85 -1 -1 -1 -1 
109 3 9 302 494 88 73 -1 -1 -1 -1 
110 3 1 1858 365 58 57 -1 -1 -1 -1 
110 3 2 1578 372 84 60 -1 -1 -1 -1 
110 3 4 1303 412 101 73 -1 -1 -1 -1 
110 2 6 607 428 208 101 -1 -1 -1 -1 
110 0 8 179 545 37 84 -1 -1 -1 -1 
110 3 9 313 500 88 68 -1 -1 -1 -1 
111 3 1 1867 365 52 56 -1 -1 -1 -1 
111 3 2 1593 367 74 66 -1 -1 -1 -1 
111 3 4 1312 408 100 75 -1 -1 -1 -1 
111 2 6 618 430 205 99 -1 -1 -1 -1 
111 0 8 179 548 36 82 -1 -1 -1 -1 
112 3 2 1603 367 76 62 -1 -1 -1 -1 
112 3 4 1324 414 107 68 -1 -1 -1 -1 
112 2 6 628 430 206 98 -1 -1 -1 -1 
112 0 8 180 549 35 81 -1 -1 -1 -1 
113 3 2 1614 366 76 61 -1 -1 -1 -1 
113 3 4 1338 405 101 75 -1 -1 -1 -1 
113 2 6 640 428 205 98 -1 -1 -1 -1 
114 3 2 1625 373 73 54 -1 -1 -1 -1 
114 3 4 1351 413 102 67 -1 -1 -1 -1 
114 2 6 653 426 208 98 -1 -1 -1 -1 
114 0 8 181 546 41 83 -1 -1 -1 -1 
114 3 9 354 489 90 71 -1 -1 -1 -1 
115 3 2 1632 375 76 52 -1 -1 -1 -1 
115 3 4 1364 413 100 66 -1 -1 -1 -1 
115 2 6 662 425 210 99 -1 -1 -1 -1 
115 0 8 182 546 40 84 -1 -1 -1 -1 
115 3 9 362 490 96 70 -1 -1 -1 -1 
116 3 1 1642 374 76 53 -1 -1 -1 -1 
116 3 2 1643 376 75 49 -1 -1 -1 -1 
116 3 4 1378 412 100 65 -1 -1 -1 -1 
116 2 6 671 424 212 100 -1 -1 -1 -1 
116 0 8 184 547 37 82 -1 -1 -1 -1 
117 3 1 1628 375 76 52 -1 -1 -1 -1 
117 3 2 1652 372 74 54 -1 -1 -1 -1 
117 3 4 1390 420 93 56 -1 -1 -1 -1 
117 2 6 687 422 207 100 -1 -1 -1 -1 
117 0 8 184 547 36 82 -1 -1 -1 -1 
117 3 9 385 477 95 77 -1 -1 -1 -1 
118 3 2 1661 369 74 55 -1 -1 -1 -1 
118 3 4 1403 419 93 55 -1 -1 -1 -1 
118 2 6 699 422 208 97 -1 -1 -1 -1 
118 0 8 185 549 36 81 -1 -1 -1 -1 
118 3 9 398 475 93 78 -1 -1 -1 -1 
119 3 2 1672 369 72 54 -1 -1 -1 -1 
119 3 4 1415 411 94 62 -1 -1 -1 -1 
119 2 6 707 420 209 98 -1 -1 -1 -1 
119 0 8 186 549 34 80 -1 -1 -1 -1 
119 3 9 407 476 95 75 -1 -1 -1 -1 
120 3 2 1682 361 74 64 -1 -1 -1 -1 
120 3 4 1427 416 95 56 -1 -1 -1 -1 
120 2 6 719 419 212 98 -1 -1 -1 -1 
120 0 8 186 548 34 81 -1 -1 -1 -1 
120 3 9 419 474 95 76 -1 -1 -1 -1 
121 3 2 1692 360 74 64 -1 -1 -1 -1 
121 3 4 1436 417 94 55 -1 -1 -1 -1 
121 2 6 730 417 210 99 -1 -1 -1 -1 
121 0 8 186 549 34 80 -1 -1 -1 -1 
121 3 9 430 471 93 76 -1 -1 -1 -1 
122 3 2 1701 363 69 60 -1 -1 -1 -1 
122 3 4 1453 413 95 57 -1 -1 -1 -1 
122 2 6 747 415 206 96 -1 -1 -1 -1 
122 0 8 187 550 33 78 -1 -1 -1 -1 
122 3 9 443 468 92 77 -1 -1 -1 -1 
123 3 2 1708 366 69 57 -1 -1 -1 -1 
123 3 4 1464 413 95 55 -1 -1 -1 -1 
123 2 6 756 412 207 101 -1 -1 -1 -1 
123 0 8 188 548 32 80 -1 -1 -1 -1 
123 3 9 453 465 94 78 -1 -1 -1 -1 
124 3 2 1718 356 66 65 -1 -1 -1 -1 
124 3 4 1477 412 94 55 -1 -1 -1 -1 
124 2 6 766 410 215 103 -1 -1 -1 -1 
124 0 8 188 549 33 80 -1 -1 -1 -1 
124 3 9 464 466 95 77 -1 -1 -1 -1 
125 3 2 1727 363 65 59 -1 -1 -1 -1 
125 3 4 1491 390 88 73 -1 -1 -1 -1 
125 2 6 779 411 214 99 -1 -1 -1 -1 
125 0 8 189 549 34 81 -1 -1 -1 -1 
125 3 9 477 462 95 76 -1 -1 -1 -1 
125 3 16 1578 298 82 66 -1 -1 -1 -1 
126 3 2 1736 362 66 60 -1 -1 -1 -1 
126 3 4 1499 405 95 62 -1 -1 -1 -1 
126 2 6 793 407 210 105 -1 -1 -1 -1 
126 0 8 190 550 33 79 -1 -1 -1 -1 
126 3 9 487 462 97 76 -1 -1 -1 -1 
126 3 16 1572 298 82 66 -1 -1 -1 -1 
126 3 17 1441 305 67 54 -1 -1 -1 -1 
127 3 4 1510 403 98 64 -1 -1 -1 -1 
127 2 6 803 411 215 98 -1 -1 -1 -1 
127 0 8 190 551 34 77 -1 -1 -1 -1 
127 3 9 502 457 91 77 -1 -1 -1 -1 
128 3 2 1752 366 64 53 -1 -1 -1 -1 
128 3 4 1523 400 91 59 -1 -1 -1 -1 
128 2 6 815 409 213 98 -1 -1 -1 -1 
128 0 8 192 552 31 76 -1 -1 -1 -1 
128 3 9 511 458 93 74 -1 -1 -1 -1 
128 3 17 1424 309 65 53 -1 -1 -1 -1 
129 3 2 1761 366 64 52 -1 -1 -1 -1 
129 3 4 1539 390 83 70 -1 -1 -1 -1 
129 2 6 829 409 212 97 -1 -1 -1 -1 
129 0 8 191 552 34 77 -1 -1 -1 -1 
130 3 4 1546 400 90 59 -1 -1 -1 -1 
130 2 6 842 406 216 102 -1 -1 -1 -1 
130 0 8 191 553 34 76 -1 -1 -1 -1 
130 3 9 533 454 98 74 -1 -1 -1 -1 
130 3 17 1411 308 61 52 -1 -1 -1 -1 
131 3 4 1556 399 94 59 -1 -1 -1 -1 
131 2 6 854 404 213 101 -1 -1 -1 -1 
131 0 8 190 553 34 75 -1 -1 -1 -1 
131 3 9 546 445 97 80 -1 -1 -1 -1 
