38 0 6 1021 420 119 75 -1 -1 -1 -1 
39 0 6 1031 414 122 78 -1 -1 -1 -1 
40 0 6 1043 420 130 80 -1 -1 -1 -1 
44 0 6 1094 413 134 81 -1 -1 -1 -1 
53 0 6 846 430 124 78 -1 -1 -1 -1 
54 0 6 860 424 121 84 -1 -1 -1 -1 
55 0 6 878 421 117 87 -1 -1 -1 -1 
56 0 6 871 420 118 89 -1 -1 -1 -1 
57 0 6 891 430 135 75 -1 -1 -1 -1 
58 0 6 916 425 113 77 -1 -1 -1 -1 
59 0 6 925 419 119 82 -1 -1 -1 -1 
60 0 6 926 418 121 83 -1 -1 -1 -1 
61 0 6 946 424 128 74 -1 -1 -1 -1 
62 0 6 956 428 131 72 -1 -1 -1 -1 
64 0 6 985 428 134 71 -1 -1 -1 -1 
65 0 6 993 424 137 75 -1 -1 -1 -1 
66 0 6 1023 409 111 79 -1 -1 -1 -1 
67 0 6 1032 407 111 80 -1 -1 -1 -1 
67 2 16 227 488 156 105 -1 -1 -1 -1 
68 0 6 1037 418 136 77 -1 -1 -1 -1 
68 2 16 232 485 159 102 -1 -1 -1 -1 
69 0 6 1046 418 139 76 -1 -1 -1 -1 
69 2 16 229 489 183 83 -1 -1 -1 -1 
70 2 16 226 493 195 79 -1 -1 -1 -1 
70 0 17 780 431 118 98 -1 -1 -1 -1 
71 2 16 236 489 186 84 -1 -1 -1 -1 
71 0 17 782 436 129 93 -1 -1 -1 -1 
72 2 16 258 484 162 107 -1 -1 -1 -1 
73 0 6 1112 403 118 78 -1 -1 -1 -1 
73 2 16 250 495 199 76 -1 -1 -1 -1 
73 0 17 815 430 120 100 -1 -1 -1 -1 
74 0 6 1123 400 116 80 -1 -1 -1 -1 
74 2 16 279 478 156 104 -1 -1 -1 -1 
74 0 17 829 427 119 97 -1 -1 -1 -1 
75 0 6 1134 398 117 81 -1 -1 -1 -1 
75 2 16 287 474 163 104 -1 -1 -1 -1 
76 0 6 1142 398 127 88 -1 -1 -1 -1 
76 2 16 282 483 187 86 -1 -1 -1 -1 
77 0 6 1153 396 128 90 -1 -1 -1 -1 
77 2 16 301 478 161 94 -1 -1 -1 -1 
78 2 16 308 473 181 96 -1 -1 -1 -1 
78 0 17 876 435 125 85 -1 -1 -1 -1 
79 2 16 302 479 193 88 -1 -1 -1 -1 
79 0 17 886 438 134 81 -1 -1 -1 -1 
80 2 16 327 473 161 98 -1 -1 -1 -1 
80 0 17 894 445 148 72 -1 -1 -1 -1 
81 2 16 334 469 167 96 -1 -1 -1 -1 
81 0 17 920 436 121 80 -1 -1 -1 -1 
82 2 16 336 473 180 92 -1 -1 -1 -1 
82 0 17 923 435 137 80 -1 -1 -1 -1 
83 2 16 352 472 171 93 -1 -1 -1 -1 
84 2 16 356 471 180 93 -1 -1 -1 -1 
85 0 17 967 436 127 76 -1 -1 -1 -1 
86 2 16 367 465 189 95 -1 -1 -1 -1 
86 0 17 972 432 136 77 -1 -1 -1 -1 
87 2 16 376 467 188 93 -1 -1 -1 -1 
88 2 16 381 466 195 93 -1 -1 -1 -1 
89 2 16 394 463 197 91 -1 -1 -1 -1 
89 0 17 1018 422 125 84 -1 -1 -1 -1 
90 2 16 400 462 203 90 -1 -1 -1 -1 
91 2 16 404 458 205 104 -1 -1 -1 -1 
91 0 17 1035 423 140 84 -1 -1 -1 -1 
92 2 16 408 456 214 106 -1 -1 -1 -1 
93 2 16 436 447 195 104 -1 -1 -1 -1 
93 0 17 1068 423 129 81 -1 -1 -1 -1 
94 2 16 432 438 227 113 -1 -1 -1 -1 
94 0 17 1078 429 133 74 -1 -1 -1 -1 
95 2 16 446 455 207 103 -1 -1 -1 -1 
96 2 16 476 443 187 98 -1 -1 -1 -1 
96 0 17 1109 413 129 89 -1 -1 -1 -1 
97 2 16 475 444 192 94 -1 -1 -1 -1 
97 0 17 1115 419 137 83 -1 -1 -1 -1 
98 2 16 494 438 191 107 -1 -1 -1 -1 
99 2 16 502 435 195 109 -1 -1 -1 -1 
100 2 16 499 443 198 111 -1 -1 -1 -1 
100 0 17 1160 415 127 81 -1 -1 -1 -1 
101 2 16 515 435 188 116 -1 -1 -1 -1 
102 2 16 526 433 207 102 -1 -1 -1 -1 
103 2 16 528 440 225 93 -1 -1 -1 -1 
104 2 16 543 435 198 112 -1 -1 -1 -1 
104 0 17 1214 413 124 82 -1 -1 -1 -1 
105 2 16 547 436 211 89 -1 -1 -1 -1 
106 2 16 558 437 206 106 -1 -1 -1 -1 
106 0 17 1234 415 137 82 -1 -1 -1 -1 
107 2 16 566 435 219 108 -1 -1 -1 -1 
108 2 16 580 441 215 79 -1 -1 -1 -1 
109 2 16 592 431 205 91 -1 -1 -1 -1 
110 2 16 599 433 220 88 -1 -1 -1 -1 
110 0 17 1288 408 132 84 -1 -1 -1 -1 
111 2 16 617 429 200 109 -1 -1 -1 -1 
111 0 17 1307 396 116 90 -1 -1 -1 -1 
112 2 16 617 426 238 97 -1 -1 -1 -1 
113 2 16 632 430 219 97 -1 -1 -1 -1 
114 2 16 651 427 210 93 -1 -1 -1 -1 
115 2 16 662 426 200 99 -1 -1 -1 -1 
116 2 16 676 426 218 90 -1 -1 -1 -1 
117 2 16 686 424 206 96 -1 -1 -1 -1 
119 2 16 705 421 209 95 -1 -1 -1 -1 
119 0 17 1409 395 105 74 -1 -1 -1 -1 
123 2 16 753 405 208 104 -1 -1 -1 -1 
129 2 16 823 411 221 94 -1 -1 -1 -1 
131 2 16 855 409 214 89 -1 -1 -1 -1 
132 2 16 866 395 226 109 -1 -1 -1 -1 
134 2 16 893 400 222 95 -1 -1 -1 -1 
135 2 16 904 403 207 93 -1 -1 -1 -1 
136 2 16 915 393 229 106 -1 -1 -1 -1 
137 2 16 923 400 208 100 -1 -1 -1 -1 
138 2 16 949 393 213 97 -1 -1 -1 -1 
139 2 16 951 403 214 83 -1 -1 -1 -1 
140 2 16 962 400 204 94 -1 -1 -1 -1 
141 2 16 976 390 203 105 -1 -1 -1 -1 
142 2 16 996 395 203 82 -1 -1 -1 -1 
143 2 16 1007 388 228 88 -1 -1 -1 -1 
144 2 16 1020 395 211 80 -1 -1 -1 -1 
145 2 16 1039 392 209 81 -1 -1 -1 -1 
146 2 16 1044 380 215 96 -1 -1 -1 -1 
147 2 16 1049 393 229 86 -1 -1 -1 -1 
148 2 16 1067 391 206 90 -1 -1 -1 -1 
149 2 16 1078 387 217 92 -1 -1 -1 -1 
150 2 16 1086 389 221 84 -1 -1 -1 -1 
151 2 16 1099 400 233 71 -1 -1 -1 -1 
152 2 16 1117 389 212 81 -1 -1 -1 -1 
153 2 16 1138 381 200 86 -1 -1 -1 -1 
154 2 16 1155 368 187 102 -1 -1 -1 -1 
155 2 16 1171 374 196 98 -1 -1 -1 -1 
155 2 22 183 496 147 74 -1 -1 -1 -1 
155 0 23 838 405 115 68 -1 -1 -1 -1 
156 2 16 1165 376 212 96 -1 -1 -1 -1 
156 2 22 177 497 165 73 -1 -1 -1 -1 
157 2 16 1191 369 208 107 -1 -1 -1 -1 
157 2 22 175 495 178 74 -1 -1 -1 -1 
158 2 16 1197 366 198 102 -1 -1 -1 -1 
158 2 22 197 495 161 72 -1 -1 -1 -1 
158 0 23 887 401 101 66 -1 -1 -1 -1 
159 2 16 1223 372 183 93 -1 -1 -1 -1 
159 2 22 205 491 154 77 -1 -1 -1 -1 
160 2 16 1234 370 168 88 -1 -1 -1 -1 
160 2 22 208 485 156 79 -1 -1 -1 -1 
161 2 16 1227 378 198 82 -1 -1 -1 -1 
161 2 22 228 484 144 79 -1 -1 -1 -1 
162 2 16 1262 371 158 92 -1 -1 -1 -1 
162 2 22 223 486 157 79 -1 -1 -1 -1 
163 2 16 1275 365 169 95 -1 -1 -1 -1 
163 2 22 222 486 168 78 -1 -1 -1 -1 
164 2 16 1280 364 170 97 -1 -1 -1 -1 
164 2 22 217 485 184 85 -1 -1 -1 -1 
164 0 23 968 395 110 64 -1 -1 -1 -1 
165 2 16 1252 363 218 95 -1 -1 -1 -1 
165 2 22 201 482 214 88 -1 -1 -1 -1 
165 0 23 987 392 102 66 -1 -1 -1 -1 
166 2 16 1290 365 189 87 -1 -1 -1 -1 
166 2 22 220 463 196 109 -1 -1 -1 -1 
166 0 23 994 383 121 71 -1 -1 -1 -1 
167 2 16 1318 369 179 95 -1 -1 -1 -1 
167 2 22 222 465 209 108 -1 -1 -1 -1 
167 0 23 1009 368 105 87 -1 -1 -1 -1 
168 2 16 1313 364 196 97 -1 -1 -1 -1 
168 2 22 236 462 212 102 -1 -1 -1 -1 
168 0 23 1019 369 112 87 -1 -1 -1 -1 
169 2 16 1323 359 190 105 -1 -1 -1 -1 
169 2 22 240 462 205 111 -1 -1 -1 -1 
169 0 23 1029 374 117 77 -1 -1 -1 -1 
170 2 16 1345 360 178 88 -1 -1 -1 -1 
170 2 22 243 461 217 101 -1 -1 -1 -1 
170 0 23 1040 382 117 65 -1 -1 -1 -1 
171 2 16 1356 354 186 110 -1 -1 -1 -1 
171 2 22 243 461 224 105 -1 -1 -1 -1 
172 2 16 1364 351 188 109 -1 -1 -1 -1 
172 2 22 248 459 227 105 -1 -1 -1 -1 
173 2 16 1368 355 187 105 -1 -1 -1 -1 
173 2 22 257 457 230 108 -1 -1 -1 -1 
174 2 16 1392 349 178 99 -1 -1 -1 -1 
174 2 22 263 457 232 109 -1 -1 -1 -1 
175 2 16 1388 355 189 100 -1 -1 -1 -1 
175 2 22 278 459 220 104 -1 -1 -1 -1 
176 2 16 1412 349 183 103 -1 -1 -1 -1 
176 2 22 284 455 244 103 -1 -1 -1 -1 
177 2 16 1419 343 180 106 -1 -1 -1 -1 
177 2 22 296 455 238 100 -1 -1 -1 -1 
178 2 16 1432 351 178 101 -1 -1 -1 -1 
178 2 22 306 453 231 103 -1 -1 -1 -1 
179 2 16 1455 345 153 90 -1 -1 -1 -1 
179 2 22 323 454 222 98 -1 -1 -1 -1 
180 2 16 1450 348 174 105 -1 -1 -1 -1 
180 2 22 309 456 268 107 -1 -1 -1 -1 
181 2 16 1469 346 177 93 -1 -1 -1 -1 
181 2 22 329 452 254 96 -1 -1 -1 -1 
182 2 16 1477 346 167 99 -1 -1 -1 -1 
182 2 22 338 451 248 96 -1 -1 -1 -1 
183 2 16 1487 344 165 100 -1 -1 -1 -1 
183 2 22 324 443 288 114 -1 -1 -1 -1 
184 2 16 1482 347 181 94 -1 -1 -1 -1 
184 2 22 348 453 275 100 -1 -1 -1 -1 
185 2 16 1498 345 175 106 -1 -1 -1 -1 
185 2 22 365 438 269 112 -1 -1 -1 -1 
186 2 16 1514 341 169 107 -1 -1 -1 -1 
186 2 22 372 440 273 109 -1 -1 -1 -1 
187 2 16 1526 341 167 98 -1 -1 -1 -1 
187 2 22 366 438 293 117 -1 -1 -1 -1 
188 2 16 1534 343 167 98 -1 -1 -1 -1 
188 2 22 384 430 310 117 -1 -1 -1 -1 
189 2 16 1541 345 167 94 -1 -1 -1 -1 
189 2 22 411 427 276 118 -1 -1 -1 -1 
190 2 16 1551 345 166 93 -1 -1 -1 -1 
190 2 22 420 428 271 118 -1 -1 -1 -1 
191 2 16 1556 345 184 92 -1 -1 -1 -1 
191 2 22 420 426 287 115 -1 -1 -1 -1 
192 2 16 1581 339 153 94 -1 -1 -1 -1 
192 2 22 439 425 273 113 -1 -1 -1 -1 
193 2 16 1578 347 171 86 -1 -1 -1 -1 
193 2 22 438 438 292 97 -1 -1 -1 -1 
194 2 16 1582 346 174 82 -1 -1 -1 -1 
194 2 22 469 413 267 118 -1 -1 -1 -1 
195 2 16 1592 354 162 75 -1 -1 -1 -1 
195 2 22 471 413 277 118 -1 -1 -1 -1 
196 2 16 1604 349 175 75 -1 -1 -1 -1 
196 2 22 490 413 268 114 -1 -1 -1 -1 
197 2 16 1619 341 161 86 -1 -1 -1 -1 
197 2 22 501 406 276 118 -1 -1 -1 -1 
198 2 16 1640 343 132 85 -1 -1 -1 -1 
198 2 22 513 410 275 107 -1 -1 -1 -1 
199 2 16 1633 343 169 83 -1 -1 -1 -1 
199 2 22 521 411 277 99 -1 -1 -1 -1 
200 2 16 1651 337 151 82 -1 -1 -1 -1 
200 2 22 543 412 259 98 -1 -1 -1 -1 
201 2 16 1659 346 155 75 -1 -1 -1 -1 
201 2 22 551 410 281 95 -1 -1 -1 -1 
202 2 16 1663 344 154 81 -1 -1 -1 -1 
202 2 22 561 410 279 94 -1 -1 -1 -1 
203 2 16 1675 344 147 74 -1 -1 -1 -1 
203 2 22 571 407 266 94 -1 -1 -1 -1 
204 2 16 1682 349 153 73 -1 -1 -1 -1 
204 2 22 590 412 256 90 -1 -1 -1 -1 
205 2 16 1684 346 162 74 -1 -1 -1 -1 
205 2 22 603 415 251 95 -1 -1 -1 -1 
206 2 16 1703 339 147 71 -1 -1 -1 -1 
206 2 22 615 406 265 95 -1 -1 -1 -1 
207 2 16 1708 346 151 72 -1 -1 -1 -1 
207 2 22 616 402 287 107 -1 -1 -1 -1 
208 2 16 1720 346 137 72 -1 -1 -1 -1 
208 2 22 632 395 283 106 -1 -1 -1 -1 
209 2 16 1727 342 139 74 -1 -1 -1 -1 
209 2 22 645 396 288 104 -1 -1 -1 -1 
210 2 16 1731 340 146 82 -1 -1 -1 -1 
210 2 22 653 393 291 104 -1 -1 -1 -1 
211 2 16 1740 342 146 71 -1 -1 -1 -1 
211 2 22 657 387 295 106 -1 -1 -1 -1 
212 2 16 1753 341 134 68 -1 -1 -1 -1 
212 2 22 674 383 299 112 -1 -1 -1 -1 
213 2 16 1754 345 149 69 -1 -1 -1 -1 
213 2 22 686 384 297 115 -1 -1 -1 -1 
214 2 16 1763 344 139 70 -1 -1 -1 -1 
214 2 22 701 386 289 108 -1 -1 -1 -1 
215 2 16 1772 339 133 74 -1 -1 -1 -1 
215 2 22 711 381 289 111 -1 -1 -1 -1 
216 2 16 1775 338 140 76 -1 -1 -1 -1 
216 2 22 725 395 296 92 -1 -1 -1 -1 
217 2 16 1786 334 132 86 -1 -1 -1 -1 
217 2 22 750 373 275 117 -1 -1 -1 -1 
218 2 16 1797 335 122 78 -1 -1 -1 -1 
218 2 22 750 376 293 109 -1 -1 -1 -1 
219 2 16 1802 334 117 78 -1 -1 -1 -1 
219 2 22 774 373 267 108 -1 -1 -1 -1 
220 2 16 1809 333 110 76 -1 -1 -1 -1 
220 2 22 792 370 276 106 -1 -1 -1 -1 
221 2 16 1817 332 102 76 -1 -1 -1 -1 
221 2 22 802 369 271 102 -1 -1 -1 -1 
222 2 16 1829 336 90 77 -1 -1 -1 -1 
222 2 22 814 366 264 107 -1 -1 -1 -1 
223 2 16 1835 333 84 78 -1 -1 -1 -1 
223 2 22 842 371 242 103 -1 -1 -1 -1 
224 2 16 1841 333 78 75 -1 -1 -1 -1 
224 2 22 844 367 267 99 -1 -1 -1 -1 
225 2 16 1855 331 64 74 -1 -1 -1 -1 
225 2 22 858 368 260 93 -1 -1 -1 -1 
226 2 16 1853 328 66 78 -1 -1 -1 -1 
226 2 22 864 365 260 97 -1 -1 -1 -1 
227 2 16 1851 329 68 79 -1 -1 -1 -1 
227 2 22 887 365 234 92 -1 -1 -1 -1 
228 2 16 1856 328 63 80 -1 -1 -1 -1 
229 2 22 909 360 258 91 -1 -1 -1 -1 
230 2 22 906 361 279 97 -1 -1 -1 -1 
231 2 22 928 358 267 103 -1 -1 -1 -1 
232 2 22 939 364 254 95 -1 -1 -1 -1 
233 2 22 958 353 249 104 -1 -1 -1 -1 
234 2 22 954 353 271 96 -1 -1 -1 -1 
235 2 22 970 345 281 107 -1 -1 -1 -1 
236 2 22 994 354 250 92 -1 -1 -1 -1 
237 2 22 1003 345 247 106 -1 -1 -1 -1 
238 2 22 1005 343 252 106 -1 -1 -1 -1 
239 2 22 1009 344 261 101 -1 -1 -1 -1 
240 2 22 1026 351 277 87 -1 -1 -1 -1 
241 2 22 1050 342 258 90 -1 -1 -1 -1 
242 2 22 1047 342 287 91 -1 -1 -1 -1 
243 2 22 1072 346 270 86 -1 -1 -1 -1 
244 2 22 1073 347 278 83 -1 -1 -1 -1 
245 2 22 1089 333 267 92 -1 -1 -1 -1 
246 2 22 1106 332 232 98 -1 -1 -1 -1 
247 2 22 1115 335 251 89 -1 -1 -1 -1 
248 2 22 1141 340 239 77 -1 -1 -1 -1 
249 2 22 1136 325 238 101 -1 -1 -1 -1 
250 2 22 1148 324 239 99 -1 -1 -1 -1 
251 2 22 1164 322 225 97 -1 -1 -1 -1 
252 2 22 1175 320 226 96 -1 -1 -1 -1 
253 2 22 1185 322 221 92 -1 -1 -1 -1 
254 2 22 1195 321 230 94 -1 -1 -1 -1 
255 2 22 1205 318 226 92 -1 -1 -1 -1 
256 2 22 1239 321 201 88 -1 -1 -1 -1 
257 2 22 1238 320 235 85 -1 -1 -1 -1 
258 2 22 1239 325 246 73 -1 -1 -1 -1 
259 2 22 1261 315 201 88 -1 -1 -1 -1 
260 2 22 1281 314 211 77 -1 -1 -1 -1 
261 2 22 1279 315 216 72 -1 -1 -1 -1 
262 2 22 1295 309 194 83 -1 -1 -1 -1 
263 2 22 1288 314 217 86 -1 -1 -1 -1 
264 2 22 1300 313 216 90 -1 -1 -1 -1 
265 2 22 1311 310 213 92 -1 -1 -1 -1 
266 2 22 1320 317 206 77 -1 -1 -1 -1 
267 2 22 1353 304 169 78 -1 -1 -1 -1 
268 2 22 1342 306 196 88 -1 -1 -1 -1 
269 2 22 1350 302 194 93 -1 -1 -1 -1 
270 2 22 1357 302 199 91 -1 -1 -1 -1 
271 2 22 1372 301 191 91 -1 -1 -1 -1 
272 2 22 1377 304 199 77 -1 -1 -1 -1 
273 2 22 1393 296 184 83 -1 -1 -1 -1 
274 2 22 1394 307 205 77 -1 -1 -1 -1 
275 2 22 1403 309 197 72 -1 -1 -1 -1 
276 2 22 1416 300 189 83 -1 -1 -1 -1 
277 2 22 1430 291 179 85 -1 -1 -1 -1 
278 2 22 1434 296 185 78 -1 -1 -1 -1 
279 2 22 1441 292 181 82 -1 -1 -1 -1 
280 2 22 1451 291 165 80 -1 -1 -1 -1 
281 2 22 1461 300 170 74 -1 -1 -1 -1 
282 2 22 1470 298 165 73 -1 -1 -1 -1 
283 2 22 1481 289 150 78 -1 -1 -1 -1 
284 2 22 1491 290 153 77 -1 -1 -1 -1 
285 2 22 1494 288 158 76 -1 -1 -1 -1 
286 2 22 1493 282 174 77 -1 -1 -1 -1 
286 0 27 551 485 131 66 -1 -1 -1 -1 
287 2 22 1497 285 164 78 -1 -1 -1 -1 
287 0 27 563 481 130 71 -1 -1 -1 -1 
288 2 22 1503 282 160 79 -1 -1 -1 -1 
288 0 27 583 478 119 73 -1 -1 -1 -1 
289 2 22 1513 280 160 82 -1 -1 -1 -1 
289 0 27 592 475 118 74 -1 -1 -1 -1 
290 2 22 1519 278 158 87 -1 -1 -1 -1 
290 0 27 599 479 132 70 -1 -1 -1 -1 
291 2 22 1531 280 152 85 -1 -1 -1 -1 
292 2 22 1528 273 171 85 -1 -1 -1 -1 
293 2 22 1528 275 174 81 -1 -1 -1 -1 
293 0 27 636 468 119 77 -1 -1 -1 -1 
294 2 22 1537 276 164 79 -1 -1 -1 -1 
295 2 22 1545 274 153 81 -1 -1 -1 -1 
295 0 27 651 460 139 84 -1 -1 -1 -1 
296 2 22 1567 274 136 83 -1 -1 -1 -1 
296 0 27 671 455 125 87 -1 -1 -1 -1 
297 2 22 1566 268 139 91 -1 -1 -1 -1 
297 0 27 684 446 121 92 -1 -1 -1 -1 
298 2 22 1572 269 134 89 -1 -1 -1 -1 
298 0 27 690 449 135 95 -1 -1 -1 -1 
299 2 22 1576 268 148 82 -1 -1 -1 -1 
299 0 27 705 459 133 84 -1 -1 -1 -1 
300 2 22 1583 268 130 89 -1 -1 -1 -1 
300 0 27 722 457 124 79 -1 -1 -1 -1 
301 2 22 1593 269 131 85 -1 -1 -1 -1 
301 0 27 731 460 126 79 -1 -1 -1 -1 
302 2 22 1596 264 140 79 -1 -1 -1 -1 
303 2 22 1597 263 145 77 -1 -1 -1 -1 
303 0 27 756 454 132 85 -1 -1 -1 -1 
304 2 22 1603 262 138 75 -1 -1 -1 -1 
304 0 27 776 449 124 83 -1 -1 -1 -1 
305 2 22 1606 260 136 76 -1 -1 -1 -1 
305 0 27 785 448 124 82 -1 -1 -1 -1 
306 2 22 1615 266 146 70 -1 -1 -1 -1 
306 0 27 799 451 137 88 -1 -1 -1 -1 
307 2 22 1621 262 140 74 -1 -1 -1 -1 
307 0 27 812 443 127 87 -1 -1 -1 -1 
308 2 22 1628 261 130 74 -1 -1 -1 -1 
308 0 27 825 440 127 85 -1 -1 -1 -1 
309 2 22 1628 259 131 75 -1 -1 -1 -1 
309 0 27 828 445 139 83 -1 -1 -1 -1 
310 2 22 1632 262 122 72 -1 -1 -1 -1 
311 2 22 1641 261 107 74 -1 -1 -1 -1 
311 0 27 871 439 120 86 -1 -1 -1 -1 
312 2 22 1640 259 116 75 -1 -1 -1 -1 
312 0 27 874 435 132 85 -1 -1 -1 -1 
313 2 22 1649 261 125 75 -1 -1 -1 -1 
314 2 22 1662 259 107 77 -1 -1 -1 -1 
315 2 22 1658 267 107 64 -1 -1 -1 -1 
315 0 27 921 448 132 71 -1 -1 -1 -1 
316 2 22 1662 271 106 62 -1 -1 -1 -1 
316 0 27 934 448 133 70 -1 -1 -1 -1 
317 2 22 1669 267 94 62 -1 -1 -1 -1 
317 0 27 947 442 139 72 -1 -1 -1 -1 
318 2 22 1669 267 102 61 -1 -1 -1 -1 
318 0 27 965 440 127 73 -1 -1 -1 -1 
319 2 22 1676 268 96 58 -1 -1 -1 -1 
319 0 27 976 438 127 74 -1 -1 -1 -1 
320 2 22 1683 267 105 62 -1 -1 -1 -1 
320 0 27 991 437 132 73 -1 -1 -1 -1 
320 2 31 178 506 181 91 -1 -1 -1 -1 
321 2 22 1683 267 105 58 -1 -1 -1 -1 
321 0 27 1010 432 122 75 -1 -1 -1 -1 
321 2 31 199 508 160 79 -1 -1 -1 -1 
322 2 22 1684 270 103 53 -1 -1 -1 -1 
322 0 27 1018 427 128 82 -1 -1 -1 -1 
322 2 31 172 507 192 94 -1 -1 -1 -1 
323 2 22 1687 270 102 52 -1 -1 -1 -1 
323 0 27 1031 433 134 73 -1 -1 -1 -1 
323 2 31 192 508 176 87 -1 -1 -1 -1 
324 2 22 1685 271 107 48 -1 -1 -1 -1 
324 0 27 1048 425 128 85 -1 -1 -1 -1 
324 2 31 193 503 181 93 -1 -1 -1 -1 
325 2 22 1686 272 106 45 -1 -1 -1 -1 
325 0 27 1065 419 123 86 -1 -1 -1 -1 
325 2 31 193 498 191 105 -1 -1 -1 -1 
326 2 22 1707 260 74 66 -1 -1 -1 -1 
326 0 27 1077 422 128 83 -1 -1 -1 -1 
326 2 31 205 496 198 98 -1 -1 -1 -1 
327 2 22 1714 257 74 72 -1 -1 -1 -1 
327 0 27 1090 420 130 84 -1 -1 -1 -1 
328 2 22 1713 261 90 56 -1 -1 -1 -1 
328 0 27 1104 424 128 78 -1 -1 -1 -1 
328 2 31 202 492 211 109 -1 -1 -1 -1 
329 2 22 1714 259 90 57 -1 -1 -1 -1 
329 0 27 1116 420 128 82 -1 -1 -1 -1 
329 2 31 210 495 201 103 -1 -1 -1 -1 
330 2 22 1716 259 88 55 -1 -1 -1 -1 
330 0 27 1127 420 142 80 -1 -1 -1 -1 
330 2 31 217 493 210 102 -1 -1 -1 -1 
331 2 22 1720 259 83 55 -1 -1 -1 -1 
331 0 27 1147 419 130 83 -1 -1 -1 -1 
331 2 31 226 499 197 97 -1 -1 -1 -1 
332 2 22 1730 251 74 70 -1 -1 -1 -1 
332 0 27 1162 417 125 82 -1 -1 -1 -1 
332 2 31 228 497 204 94 -1 -1 -1 -1 
333 2 22 1732 252 73 70 -1 -1 -1 -1 
333 0 27 1170 428 137 70 -1 -1 -1 -1 
333 2 31 235 495 223 98 -1 -1 -1 -1 
334 2 22 1733 254 72 66 -1 -1 -1 -1 
334 0 27 1185 414 135 83 -1 -1 -1 -1 
334 2 31 252 489 194 122 -1 -1 -1 -1 
335 2 22 1739 251 68 67 -1 -1 -1 -1 
335 0 27 1204 415 123 78 -1 -1 -1 -1 
335 2 31 258 489 199 126 -1 -1 -1 -1 
336 2 22 1741 253 72 65 -1 -1 -1 -1 
336 0 27 1217 414 125 78 -1 -1 -1 -1 
337 2 22 1744 249 69 64 -1 -1 -1 -1 
337 0 27 1227 411 139 79 -1 -1 -1 -1 
337 2 31 256 488 223 112 -1 -1 -1 -1 
338 2 22 1745 247 69 64 -1 -1 -1 -1 
338 0 27 1250 407 120 84 -1 -1 -1 -1 
338 2 31 256 494 226 105 -1 -1 -1 -1 
339 2 22 1748 246 69 62 -1 -1 -1 -1 
339 0 27 1259 409 123 80 -1 -1 -1 -1 
339 2 31 251 495 235 104 -1 -1 -1 -1 
340 2 22 1748 248 72 59 -1 -1 -1 -1 
340 0 27 1272 408 125 80 -1 -1 -1 -1 
341 2 22 1746 248 79 58 -1 -1 -1 -1 
341 0 27 1278 406 139 80 -1 -1 -1 -1 
341 2 31 275 492 213 120 -1 -1 -1 -1 
342 2 22 1747 250 78 54 -1 -1 -1 -1 
342 0 27 1305 401 118 83 -1 -1 -1 -1 
342 2 31 273 495 240 108 -1 -1 -1 -1 
343 2 22 1751 248 75 56 -1 -1 -1 -1 
343 0 27 1313 403 120 73 -1 -1 -1 -1 
343 2 31 297 482 209 143 -1 -1 -1 -1 
344 2 22 1754 246 72 57 -1 -1 -1 -1 
344 0 27 1326 401 121 72 -1 -1 -1 -1 
345 2 22 1752 250 76 53 -1 -1 -1 -1 
345 0 27 1344 401 119 77 -1 -1 -1 -1 
345 2 31 307 479 205 151 -1 -1 -1 -1 
346 2 22 1752 248 80 50 -1 -1 -1 -1 
346 0 27 1358 396 117 78 -1 -1 -1 -1 
346 2 31 294 487 240 119 -1 -1 -1 -1 
347 2 22 1753 249 82 47 -1 -1 -1 -1 
347 0 27 1372 395 117 77 -1 -1 -1 -1 
348 2 22 1758 250 74 45 -1 -1 -1 -1 
348 2 31 308 497 228 111 -1 -1 -1 -1 
349 2 22 1761 243 70 54 -1 -1 -1 -1 
349 0 27 1397 396 119 77 -1 -1 -1 -1 
349 2 31 327 489 214 125 -1 -1 -1 -1 
350 2 22 1765 242 65 70 -1 -1 -1 -1 
350 0 27 1411 395 119 76 -1 -1 -1 -1 
351 2 22 1766 241 66 72 -1 -1 -1 -1 
352 2 31 327 500 234 115 -1 -1 -1 -1 
353 2 31 341 491 206 150 -1 -1 -1 -1 
354 2 22 1769 243 67 64 -1 -1 -1 -1 
354 2 31 341 490 217 146 -1 -1 -1 -1 
355 2 22 1770 240 69 66 -1 -1 -1 -1 
355 2 31 344 490 221 145 -1 -1 -1 -1 
356 2 22 1769 241 71 61 -1 -1 -1 -1 
356 2 31 352 486 218 152 -1 -1 -1 -1 
357 2 22 1771 243 71 59 -1 -1 -1 -1 
357 2 31 345 493 243 130 -1 -1 -1 -1 
358 2 22 1772 243 70 57 -1 -1 -1 -1 
358 2 31 359 488 218 151 -1 -1 -1 -1 
359 2 22 1777 246 61 55 -1 -1 -1 -1 
359 2 31 347 496 250 142 -1 -1 -1 -1 
360 2 22 1776 241 66 55 -1 -1 -1 -1 
360 2 31 361 487 230 159 -1 -1 -1 -1 
361 2 22 1779 238 64 59 -1 -1 -1 -1 
361 2 31 374 489 220 159 -1 -1 -1 -1 
362 2 22 1782 240 62 60 -1 -1 -1 -1 
362 2 31 374 497 231 153 -1 -1 -1 -1 
363 2 22 1785 238 61 62 -1 -1 -1 -1 
363 2 31 380 502 219 153 -1 -1 -1 -1 
364 2 22 1787 237 57 56 -1 -1 -1 -1 
364 2 31 393 501 203 156 -1 -1 -1 -1 
365 2 22 1789 238 54 53 -1 -1 -1 -1 
365 2 31 396 499 202 160 -1 -1 -1 -1 
366 2 22 1791 238 53 52 -1 -1 -1 -1 
367 2 31 401 493 210 168 -1 -1 -1 -1 
368 2 31 407 497 204 168 -1 -1 -1 -1 
369 2 31 414 498 201 169 -1 -1 -1 -1 
370 2 22 1796 238 50 50 -1 -1 -1 -1 
370 2 31 407 509 222 158 -1 -1 -1 -1 
371 2 22 1797 238 49 48 -1 -1 -1 -1 
371 2 31 411 511 215 159 -1 -1 -1 -1 
372 2 22 1797 239 49 44 -1 -1 -1 -1 
372 2 31 419 514 204 159 -1 -1 -1 -1 
373 2 22 1798 238 50 47 -1 -1 -1 -1 
373 2 31 422 511 201 166 -1 -1 -1 -1 
374 2 22 1799 237 50 48 -1 -1 -1 -1 
374 2 31 439 511 185 180 -1 -1 -1 -1 
375 2 22 1800 234 49 49 -1 -1 -1 -1 
375 2 31 443 513 174 183 -1 -1 -1 -1 
376 2 22 1801 234 46 49 -1 -1 -1 -1 
376 2 31 446 515 172 182 -1 -1 -1 -1 
377 2 22 1800 234 49 48 -1 -1 -1 -1 
377 2 31 453 516 163 183 -1 -1 -1 -1 
378 2 22 1801 233 48 48 -1 -1 -1 -1 
378 2 31 458 514 155 188 -1 -1 -1 -1 
379 2 22 1803 232 45 49 -1 -1 -1 -1 
379 2 31 452 516 166 191 -1 -1 -1 -1 
380 2 22 1804 232 50 41 -1 -1 -1 -1 
380 2 31 450 509 184 215 -1 -1 -1 -1 
381 2 22 1804 230 50 44 -1 -1 -1 -1 
381 2 31 449 508 185 221 -1 -1 -1 -1 
382 2 22 1804 231 51 44 -1 -1 -1 -1 
382 2 31 449 514 186 217 -1 -1 -1 -1 
383 2 22 1805 231 51 44 -1 -1 -1 -1 
384 2 31 449 518 184 218 -1 -1 -1 -1 
385 2 31 450 532 190 211 -1 -1 -1 -1 
386 2 31 448 536 194 217 -1 -1 -1 -1 
387 2 31 462 525 174 226 -1 -1 -1 -1 
388 2 31 462 533 168 223 -1 -1 -1 -1 
389 2 31 459 534 170 225 -1 -1 -1 -1 
390 2 31 460 531 166 233 -1 -1 -1 -1 
391 2 31 460 537 177 243 -1 -1 -1 -1 
392 2 31 460 537 179 248 -1 -1 -1 -1 
393 2 31 456 538 182 251 -1 -1 -1 -1 
394 2 31 459 538 175 254 -1 -1 -1 -1 
395 2 31 456 541 171 255 -1 -1 -1 -1 
396 2 31 455 545 164 253 -1 -1 -1 -1 
397 2 31 447 563 191 251 -1 -1 -1 -1 
398 2 31 446 564 183 252 -1 -1 -1 -1 
399 2 31 440 569 196 259 -1 -1 -1 -1 
400 2 22 1809 218 47 58 -1 -1 -1 -1 
400 2 31 437 576 199 262 -1 -1 -1 -1 
401 2 22 1809 217 48 60 -1 -1 -1 -1 
402 2 31 432 580 206 276 -1 -1 -1 -1 
403 2 31 426 583 209 281 -1 -1 -1 -1 
404 2 31 416 592 219 284 -1 -1 -1 -1 
405 2 31 393 598 239 287 -1 -1 -1 -1 
406 2 31 385 601 242 288 -1 -1 -1 -1 
407 2 31 371 597 250 308 -1 -1 -1 -1 
408 2 31 360 603 261 313 -1 -1 -1 -1 
409 2 31 358 593 257 367 -1 -1 -1 -1 
410 2 31 347 608 273 357 -1 -1 -1 -1 
411 2 31 335 611 283 357 -1 -1 -1 -1 
412 2 31 321 618 299 359 -1 -1 -1 -1 
413 2 31 310 621 312 365 -1 -1 -1 -1 
414 2 31 288 623 335 389 -1 -1 -1 -1 
415 2 31 281 642 330 391 -1 -1 -1 -1 
416 2 31 269 646 342 396 -1 -1 -1 -1 
417 2 31 260 652 345 394 -1 -1 -1 -1 
418 2 31 261 647 338 418 -1 -1 -1 -1 
419 2 31 263 676 355 368 -1 -1 -1 -1 
420 2 31 208 677 390 402 -1 -1 -1 -1 
421 2 31 197 685 398 394 -1 -1 -1 -1 
422 2 31 195 688 397 391 -1 -1 -1 -1 
423 2 31 180 698 410 381 -1 -1 -1 -1 
424 2 31 167 714 413 365 -1 -1 -1 -1 
425 2 31 154 716 422 363 -1 -1 -1 -1 
426 2 31 148 724 426 355 -1 -1 -1 -1 
427 2 31 163 744 400 335 -1 -1 -1 -1 
428 2 31 144 760 377 319 -1 -1 -1 -1 
429 2 31 144 758 390 321 -1 -1 -1 -1 
430 2 31 126 782 389 297 -1 -1 -1 -1 
431 2 31 119 793 389 286 -1 -1 -1 -1 
432 2 31 97 792 417 287 -1 -1 -1 -1 
433 2 31 84 808 413 271 -1 -1 -1 -1 
434 2 31 74 818 413 261 -1 -1 -1 -1 
435 2 31 66 828 417 251 -1 -1 -1 -1 
436 2 31 66 841 392 238 -1 -1 -1 -1 
437 2 31 58 859 392 220 -1 -1 -1 -1 
438 2 31 45 872 395 207 -1 -1 -1 -1 
439 2 31 34 877 398 202 -1 -1 -1 -1 
440 2 31 26 893 392 186 -1 -1 -1 -1 
441 2 31 21 909 365 170 -1 -1 -1 -1 
442 2 31 10 926 352 153 -1 -1 -1 -1 
443 2 31 0 931 355 148 -1 -1 -1 -1 
444 2 31 0 950 325 129 -1 -1 -1 -1 
