401 2 22 1809 217 48 60 -1 -1 -1 -1 
402 2 31 432 580 206 276 -1 -1 -1 -1 
403 2 31 426 583 209 281 -1 -1 -1 -1 
404 2 31 416 592 219 284 -1 -1 -1 -1 
405 2 31 393 598 239 287 -1 -1 -1 -1 
406 2 31 385 601 242 288 -1 -1 -1 -1 
407 2 31 371 597 250 308 -1 -1 -1 -1 
408 2 31 360 603 261 313 -1 -1 -1 -1 
409 2 31 358 593 257 367 -1 -1 -1 -1 
410 2 31 347 608 273 357 -1 -1 -1 -1 
411 2 31 335 611 283 357 -1 -1 -1 -1 
412 2 31 321 618 299 359 -1 -1 -1 -1 
413 2 31 310 621 312 365 -1 -1 -1 -1 
414 2 31 288 623 335 389 -1 -1 -1 -1 
415 2 31 281 642 330 391 -1 -1 -1 -1 
416 2 31 269 646 342 396 -1 -1 -1 -1 
417 2 31 260 652 345 394 -1 -1 -1 -1 
418 2 31 261 647 338 418 -1 -1 -1 -1 
419 2 31 263 676 355 368 -1 -1 -1 -1 
420 2 31 208 677 390 402 -1 -1 -1 -1 
421 2 31 197 685 398 394 -1 -1 -1 -1 
422 2 31 195 688 397 391 -1 -1 -1 -1 
423 2 31 180 698 410 381 -1 -1 -1 -1 
424 2 31 167 714 413 365 -1 -1 -1 -1 
425 2 31 154 716 422 363 -1 -1 -1 -1 
426 2 31 148 724 426 355 -1 -1 -1 -1 
427 2 31 163 744 400 335 -1 -1 -1 -1 
428 2 31 144 760 377 319 -1 -1 -1 -1 
429 2 31 144 758 390 321 -1 -1 -1 -1 
430 2 31 126 782 389 297 -1 -1 -1 -1 
431 2 31 119 793 389 286 -1 -1 -1 -1 
432 2 31 97 792 417 287 -1 -1 -1 -1 
433 2 31 84 808 413 271 -1 -1 -1 -1 
434 2 31 74 818 413 261 -1 -1 -1 -1 
435 2 31 66 828 417 251 -1 -1 -1 -1 
436 2 31 66 841 392 238 -1 -1 -1 -1 
437 2 31 58 859 392 220 -1 -1 -1 -1 
438 2 31 45 872 395 207 -1 -1 -1 -1 
439 2 31 34 877 398 202 -1 -1 -1 -1 
440 2 31 26 893 392 186 -1 -1 -1 -1 
441 2 31 21 909 365 170 -1 -1 -1 -1 
442 2 31 10 926 352 153 -1 -1 -1 -1 
443 2 31 0 931 355 148 -1 -1 -1 -1 
444 2 31 0 950 325 129 -1 -1 -1 -1 
