3 3 1 575 465 107 81 -1 -1 -1 -1 
4 3 1 589 462 106 83 -1 -1 -1 -1 
5 3 1 597 467 110 78 -1 -1 -1 -1 
5 3 2 359 496 92 76 -1 -1 -1 -1 
6 3 1 615 463 103 79 -1 -1 -1 -1 
6 3 2 370 505 89 65 -1 -1 -1 -1 
7 3 1 622 464 109 80 -1 -1 -1 -1 
7 3 2 377 502 89 67 -1 -1 -1 -1 
8 3 1 637 452 106 89 -1 -1 -1 -1 
9 3 1 643 449 113 93 -1 -1 -1 -1 
9 3 2 395 493 91 72 -1 -1 -1 -1 
10 3 1 659 451 107 88 -1 -1 -1 -1 
10 3 2 402 492 93 74 -1 -1 -1 -1 
11 3 1 667 449 112 89 -1 -1 -1 -1 
11 3 2 411 496 94 67 -1 -1 -1 -1 
12 3 1 683 444 111 89 -1 -1 -1 -1 
12 3 2 426 487 85 74 -1 -1 -1 -1 
13 3 1 692 450 114 84 -1 -1 -1 -1 
13 3 2 430 484 91 75 -1 -1 -1 -1 
14 3 1 707 442 109 91 -1 -1 -1 -1 
14 3 2 437 482 95 76 -1 -1 -1 -1 
14 3 4 245 522 84 69 -1 -1 -1 -1 
15 3 1 716 441 114 92 -1 -1 -1 -1 
15 3 2 443 481 97 77 -1 -1 -1 -1 
15 3 4 255 518 79 69 -1 -1 -1 -1 
16 3 1 733 442 109 87 -1 -1 -1 -1 
16 3 2 453 481 97 76 -1 -1 -1 -1 
16 3 4 260 516 80 70 -1 -1 -1 -1 
17 3 1 742 442 114 87 -1 -1 -1 -1 
17 3 2 462 482 98 74 -1 -1 -1 -1 
17 3 4 265 520 89 68 -1 -1 -1 -1 
18 3 1 754 443 112 85 -1 -1 -1 -1 
18 3 2 475 487 93 67 -1 -1 -1 -1 
18 3 4 278 519 83 66 -1 -1 -1 -1 
19 3 1 767 443 113 83 -1 -1 -1 -1 
19 3 2 483 474 96 77 -1 -1 -1 -1 
19 3 4 286 518 82 67 -1 -1 -1 -1 
20 3 1 780 443 114 81 -1 -1 -1 -1 
20 3 2 490 479 99 75 -1 -1 -1 -1 
20 3 4 292 522 88 63 -1 -1 -1 -1 
21 3 1 790 446 117 77 -1 -1 -1 -1 
21 3 2 501 476 97 74 -1 -1 -1 -1 
21 3 4 301 522 83 61 -1 -1 -1 -1 
