3 0 1 349 515 89 60 -1 -1 -1 -1 
3 0 2 572 485 111 67 -1 -1 -1 -1 
4 0 1 357 517 86 58 -1 -1 -1 -1 
4 0 2 586 485 106 69 -1 -1 -1 -1 
5 0 1 362 517 86 57 -1 -1 -1 -1 
5 0 2 600 486 107 62 -1 -1 -1 -1 
6 0 1 371 522 85 49 -1 -1 -1 -1 
6 0 2 612 485 104 59 -1 -1 -1 -1 
7 0 1 378 520 81 50 -1 -1 -1 -1 
7 0 2 622 484 107 62 -1 -1 -1 -1 
8 0 1 383 519 75 50 -1 -1 -1 -1 
8 0 2 634 481 101 63 -1 -1 -1 -1 
9 0 1 399 514 90 55 -1 -1 -1 -1 
9 0 2 651 472 97 69 -1 -1 -1 -1 
10 0 1 406 512 88 55 -1 -1 -1 -1 
10 0 2 663 474 101 66 -1 -1 -1 -1 
11 0 1 411 511 90 56 -1 -1 -1 -1 
11 0 2 671 471 102 65 -1 -1 -1 -1 
11 0 3 232 540 73 52 -1 -1 -1 -1 
12 0 1 425 509 88 55 -1 -1 -1 -1 
12 0 2 681 464 97 70 -1 -1 -1 -1 
12 0 3 234 541 75 51 -1 -1 -1 -1 
13 0 1 437 504 89 58 -1 -1 -1 -1 
13 0 2 695 468 103 69 -1 -1 -1 -1 
13 0 3 263 545 65 45 -1 -1 -1 -1 
14 0 1 441 499 96 64 -1 -1 -1 -1 
14 0 2 706 467 103 68 -1 -1 -1 -1 
15 0 1 449 499 94 63 -1 -1 -1 -1 
15 0 2 720 458 97 75 -1 -1 -1 -1 
15 0 3 254 535 84 57 -1 -1 -1 -1 
16 0 1 455 499 94 62 -1 -1 -1 -1 
16 0 2 731 455 97 77 -1 -1 -1 -1 
17 0 1 461 499 99 61 -1 -1 -1 -1 
17 0 3 267 528 84 64 -1 -1 -1 -1 
18 0 1 471 498 82 60 -1 -1 -1 -1 
18 0 2 760 454 108 79 -1 -1 -1 -1 
18 0 3 274 527 88 64 -1 -1 -1 -1 
19 0 1 483 493 98 62 -1 -1 -1 -1 
19 0 2 773 456 101 73 -1 -1 -1 -1 
19 0 3 314 533 63 51 -1 -1 -1 -1 
20 0 1 490 493 99 62 -1 -1 -1 -1 
20 0 2 786 452 106 73 -1 -1 -1 -1 
20 0 3 292 527 82 61 -1 -1 -1 -1 
21 0 1 501 495 86 55 -1 -1 -1 -1 
21 0 2 795 444 107 80 -1 -1 -1 -1 
21 0 3 296 529 63 56 -1 -1 -1 -1 
22 0 1 511 497 96 52 -1 -1 -1 -1 
22 0 2 807 441 107 81 -1 -1 -1 -1 
22 0 3 333 531 68 51 -1 -1 -1 -1 
23 0 1 521 493 101 59 -1 -1 -1 -1 
23 0 2 825 448 101 70 -1 -1 -1 -1 
23 0 3 333 529 70 53 -1 -1 -1 -1 
23 0 6 313 528 59 56 -1 -1 -1 -1 
24 0 1 530 488 100 61 -1 -1 -1 -1 
24 0 2 837 446 101 70 -1 -1 -1 -1 
24 0 3 323 525 52 57 -1 -1 -1 -1 
25 0 1 540 489 97 61 -1 -1 -1 -1 
25 0 3 331 519 55 63 -1 -1 -1 -1 
26 0 1 551 483 93 62 -1 -1 -1 -1 
26 0 2 858 445 112 71 -1 -1 -1 -1 
26 0 3 337 514 51 68 -1 -1 -1 -1 
27 0 1 568 484 93 61 -1 -1 -1 -1 
27 0 2 869 443 115 72 -1 -1 -1 -1 
28 0 1 578 483 93 61 -1 -1 -1 -1 
28 0 2 884 445 112 70 -1 -1 -1 -1 
29 0 1 589 478 93 60 -1 -1 -1 -1 
29 0 2 896 444 113 69 -1 -1 -1 -1 
30 0 1 599 477 93 59 -1 -1 -1 -1 
31 0 1 608 475 92 61 -1 -1 -1 -1 
31 0 3 379 517 73 57 -1 -1 -1 -1 
31 0 6 399 521 78 50 -1 -1 -1 -1 
32 0 1 622 480 97 58 -1 -1 -1 -1 
32 0 2 944 438 109 73 -1 -1 -1 -1 
32 0 3 396 516 90 58 -1 -1 -1 -1 
32 0 6 386 517 61 58 -1 -1 -1 -1 
33 0 1 625 476 100 59 -1 -1 -1 -1 
33 0 2 949 432 122 74 -1 -1 -1 -1 
33 0 3 402 512 91 63 -1 -1 -1 -1 
34 0 1 638 473 91 60 -1 -1 -1 -1 
34 0 2 961 430 125 75 -1 -1 -1 -1 
35 0 1 647 469 88 65 -1 -1 -1 -1 
35 0 2 990 430 108 75 -1 -1 -1 -1 
35 0 3 416 506 84 62 -1 -1 -1 -1 
36 0 1 662 464 88 66 -1 -1 -1 -1 
36 0 2 998 431 113 74 -1 -1 -1 -1 
36 0 3 420 501 71 67 -1 -1 -1 -1 
37 0 1 672 461 89 68 -1 -1 -1 -1 
37 0 2 1001 425 119 79 -1 -1 -1 -1 
38 0 1 680 462 95 68 -1 -1 -1 -1 
38 0 2 1026 423 112 77 -1 -1 -1 -1 
38 0 3 445 502 98 69 -1 -1 -1 -1 
39 0 1 696 463 96 67 -1 -1 -1 -1 
39 0 2 1040 428 111 74 -1 -1 -1 -1 
39 0 3 451 500 98 68 -1 -1 -1 -1 
40 0 1 702 458 99 68 -1 -1 -1 -1 
40 0 2 1053 425 111 73 -1 -1 -1 -1 
40 0 3 459 499 97 66 -1 -1 -1 -1 
41 0 1 712 455 101 70 -1 -1 -1 -1 
41 0 2 1063 422 115 74 -1 -1 -1 -1 
42 0 1 728 455 98 71 -1 -1 -1 -1 
42 0 2 1085 423 104 73 -1 -1 -1 -1 
42 0 3 480 495 101 67 -1 -1 -1 -1 
43 0 1 740 455 96 69 -1 -1 -1 -1 
43 0 2 1096 421 111 73 -1 -1 -1 -1 
43 0 3 490 493 98 69 -1 -1 -1 -1 
44 0 1 755 447 94 78 -1 -1 -1 -1 
44 0 2 1107 419 108 76 -1 -1 -1 -1 
44 0 3 498 492 100 69 -1 -1 -1 -1 
45 0 1 761 456 103 66 -1 -1 -1 -1 
45 0 2 1124 416 105 74 -1 -1 -1 -1 
45 0 3 509 490 89 68 -1 -1 -1 -1 
46 0 1 775 453 103 67 -1 -1 -1 -1 
46 0 2 1134 420 113 71 -1 -1 -1 -1 
46 0 3 515 491 90 66 -1 -1 -1 -1 
47 0 1 785 451 106 68 -1 -1 -1 -1 
47 0 2 1151 415 109 72 -1 -1 -1 -1 
48 0 1 797 455 108 63 -1 -1 -1 -1 
48 0 2 1161 410 112 78 -1 -1 -1 -1 
48 0 3 535 486 94 70 -1 -1 -1 -1 
49 0 1 817 448 96 63 -1 -1 -1 -1 
49 0 2 1183 416 100 70 -1 -1 -1 -1 
49 0 3 550 485 94 70 -1 -1 -1 -1 
50 0 1 819 446 105 67 -1 -1 -1 -1 
50 0 2 1193 414 106 69 -1 -1 -1 -1 
50 0 3 560 481 57 71 -1 -1 -1 -1 
51 0 1 836 441 97 72 -1 -1 -1 -1 
51 0 2 1201 415 113 68 -1 -1 -1 -1 
51 0 3 568 479 78 72 -1 -1 -1 -1 
52 0 1 838 444 110 66 -1 -1 -1 -1 
52 0 2 1224 411 101 71 -1 -1 -1 -1 
52 0 3 577 476 105 75 -1 -1 -1 -1 
53 0 1 860 443 109 66 -1 -1 -1 -1 
53 0 2 1235 413 108 69 -1 -1 -1 -1 
54 0 1 860 440 115 67 -1 -1 -1 -1 
54 0 2 1247 410 104 68 -1 -1 -1 -1 
55 0 1 885 441 103 67 -1 -1 -1 -1 
55 0 2 1266 409 101 70 -1 -1 -1 -1 
56 0 1 892 432 105 73 -1 -1 -1 -1 
56 0 2 1277 405 102 72 -1 -1 -1 -1 
57 0 1 907 438 109 68 -1 -1 -1 -1 
57 0 2 1287 409 105 70 -1 -1 -1 -1 
58 0 1 920 430 102 71 -1 -1 -1 -1 
58 0 2 1305 409 102 69 -1 -1 -1 -1 
59 0 1 937 430 105 69 -1 -1 -1 -1 
59 0 2 1315 406 95 68 -1 -1 -1 -1 
59 0 3 662 470 63 72 -1 -1 -1 -1 
59 0 8 217 507 116 72 -1 -1 -1 -1 
60 0 1 953 431 104 68 -1 -1 -1 -1 
60 0 2 1326 408 107 63 -1 -1 -1 -1 
60 0 3 669 474 41 67 -1 -1 -1 -1 
60 2 8 214 501 124 77 -1 -1 -1 -1 
60 0 9 1882 298 35 41 -1 -1 -1 -1 
61 0 1 960 424 108 73 -1 -1 -1 -1 
61 0 2 1341 406 100 67 -1 -1 -1 -1 
61 0 3 680 474 36 66 -1 -1 -1 -1 
61 2 8 203 502 138 78 -1 -1 -1 -1 
62 0 1 973 426 102 71 -1 -1 -1 -1 
62 0 2 1354 401 99 68 -1 -1 -1 -1 
62 0 3 693 470 46 70 -1 -1 -1 -1 
62 2 8 207 497 146 82 -1 -1 -1 -1 
62 0 9 1873 298 41 40 -1 -1 -1 -1 
63 0 1 988 426 105 70 -1 -1 -1 -1 
63 0 2 1365 401 102 69 -1 -1 -1 -1 
63 0 3 704 464 65 73 -1 -1 -1 -1 
63 2 8 205 496 160 85 -1 -1 -1 -1 
63 0 9 1865 299 44 41 -1 -1 -1 -1 
64 0 1 1002 426 106 68 -1 -1 -1 -1 
64 0 2 1380 401 94 71 -1 -1 -1 -1 
64 0 3 714 465 51 71 -1 -1 -1 -1 
64 2 8 205 494 164 86 -1 -1 -1 -1 
64 0 9 1864 297 41 42 -1 -1 -1 -1 
65 0 1 1010 427 107 70 -1 -1 -1 -1 
65 0 2 1390 399 100 70 -1 -1 -1 -1 
65 0 3 722 465 73 69 -1 -1 -1 -1 
65 2 8 210 493 162 89 -1 -1 -1 -1 
65 0 9 1860 298 36 42 -1 -1 -1 -1 
66 0 1 1034 425 94 71 -1 -1 -1 -1 
66 0 2 1404 396 98 69 -1 -1 -1 -1 
66 0 3 736 462 75 68 -1 -1 -1 -1 
66 2 8 213 491 171 92 -1 -1 -1 -1 
66 0 9 1855 297 37 44 -1 -1 -1 -1 
67 0 1 1040 424 106 67 -1 -1 -1 -1 
67 0 2 1417 395 96 70 -1 -1 -1 -1 
67 0 3 747 455 57 76 -1 -1 -1 -1 
67 2 8 222 489 170 92 -1 -1 -1 -1 
67 0 9 1847 296 36 43 -1 -1 -1 -1 
68 0 1 1061 421 97 66 -1 -1 -1 -1 
68 0 2 1429 394 98 69 -1 -1 -1 -1 
68 0 3 757 447 75 80 -1 -1 -1 -1 
68 2 8 231 488 165 90 -1 -1 -1 -1 
68 0 9 1842 296 37 42 -1 -1 -1 -1 
68 0 10 1897 316 21 40 -1 -1 -1 -1 
69 0 1 1072 418 92 68 -1 -1 -1 -1 
69 0 2 1442 393 98 68 -1 -1 -1 -1 
69 0 3 767 454 68 78 -1 -1 -1 -1 
69 2 8 237 485 168 90 -1 -1 -1 -1 
69 0 9 1837 297 37 43 -1 -1 -1 -1 
69 0 10 1895 311 23 44 -1 -1 -1 -1 
70 0 1 1085 418 100 69 -1 -1 -1 -1 
70 0 2 1456 393 94 67 -1 -1 -1 -1 
70 0 3 783 451 61 79 -1 -1 -1 -1 
70 2 8 239 486 172 90 -1 -1 -1 -1 
70 0 9 1830 298 40 44 -1 -1 -1 -1 
70 0 10 1888 309 31 47 -1 -1 -1 -1 
71 0 1 1095 415 99 69 -1 -1 -1 -1 
71 2 2 1467 391 93 68 -1 -1 -1 -1 
71 0 3 794 454 64 73 -1 -1 -1 -1 
71 2 8 248 485 172 91 -1 -1 -1 -1 
71 0 9 1826 299 40 42 -1 -1 -1 -1 
71 0 10 1884 313 35 45 -1 -1 -1 -1 
72 0 1 1104 415 104 68 -1 -1 -1 -1 
72 0 2 1479 393 91 66 -1 -1 -1 -1 
72 0 3 807 455 78 70 -1 -1 -1 -1 
72 2 8 257 484 177 94 -1 -1 -1 -1 
72 0 9 1820 297 38 42 -1 -1 -1 -1 
72 0 10 1879 312 39 46 -1 -1 -1 -1 
73 0 1 1122 414 101 68 -1 -1 -1 -1 
73 0 2 1491 391 93 66 -1 -1 -1 -1 
73 0 3 822 452 99 72 -1 -1 -1 -1 
73 2 8 264 481 177 94 -1 -1 -1 -1 
73 0 9 1817 297 38 42 -1 -1 -1 -1 
73 0 10 1875 314 38 45 -1 -1 -1 -1 
74 0 1 1134 413 103 69 -1 -1 -1 -1 
74 0 2 1503 390 91 67 -1 -1 -1 -1 
74 0 3 831 449 80 72 -1 -1 -1 -1 
74 2 8 273 480 174 93 -1 -1 -1 -1 
74 0 9 1812 297 38 42 -1 -1 -1 -1 
74 0 10 1872 312 36 44 -1 -1 -1 -1 
75 0 1 1153 403 101 69 -1 -1 -1 -1 
75 0 2 1513 388 92 66 -1 -1 -1 -1 
75 0 3 840 443 70 75 -1 -1 -1 -1 
75 2 8 282 477 175 94 -1 -1 -1 -1 
75 0 9 1809 298 40 42 -1 -1 -1 -1 
75 0 10 1868 315 42 43 -1 -1 -1 -1 
76 0 1 1154 410 107 67 -1 -1 -1 -1 
76 0 2 1526 391 82 63 -1 -1 -1 -1 
76 0 3 864 454 103 69 -1 -1 -1 -1 
76 2 8 284 476 182 96 -1 -1 -1 -1 
76 0 9 1797 298 33 42 -1 -1 -1 -1 
76 0 10 1865 315 43 43 -1 -1 -1 -1 
77 0 1 1180 404 96 71 -1 -1 -1 -1 
77 0 2 1539 390 91 64 -1 -1 -1 -1 
77 0 3 865 453 95 68 -1 -1 -1 -1 
77 2 8 300 475 178 96 -1 -1 -1 -1 
77 0 9 1792 298 32 42 -1 -1 -1 -1 
78 0 1 1189 406 101 70 -1 -1 -1 -1 
78 0 2 1551 391 90 62 -1 -1 -1 -1 
78 0 3 884 441 80 76 -1 -1 -1 -1 
78 2 8 303 472 185 97 -1 -1 -1 -1 
78 0 9 1791 297 37 42 -1 -1 -1 -1 
78 0 10 1853 315 35 42 -1 -1 -1 -1 
79 0 1 1203 400 99 70 -1 -1 -1 -1 
79 0 2 1560 390 87 61 -1 -1 -1 -1 
79 0 3 889 440 73 78 -1 -1 -1 -1 
79 2 8 312 472 183 97 -1 -1 -1 -1 
79 0 9 1785 297 39 41 -1 -1 -1 -1 
80 0 1 1213 404 101 70 -1 -1 -1 -1 
80 0 2 1570 393 64 58 -1 -1 -1 -1 
80 0 3 905 443 58 75 -1 -1 -1 -1 
80 2 8 320 472 182 96 -1 -1 -1 -1 
80 0 9 1785 299 38 41 -1 -1 -1 -1 
80 0 10 1843 314 37 43 -1 -1 -1 -1 
81 0 1 1227 401 101 70 -1 -1 -1 -1 
81 0 2 1582 391 83 57 -1 -1 -1 -1 
81 0 3 922 442 105 74 -1 -1 -1 -1 
81 2 8 327 472 182 94 -1 -1 -1 -1 
81 0 9 1768 298 43 42 -1 -1 -1 -1 
81 0 10 1836 314 44 42 -1 -1 -1 -1 
82 0 1 1242 401 99 70 -1 -1 -1 -1 
82 0 2 1593 390 84 57 -1 -1 -1 -1 
82 0 3 930 444 83 71 -1 -1 -1 -1 
82 2 8 336 471 183 93 -1 -1 -1 -1 
83 0 1 1253 397 100 72 -1 -1 -1 -1 
83 0 2 1604 386 77 60 -1 -1 -1 -1 
83 0 3 948 440 109 75 -1 -1 -1 -1 
83 2 8 346 468 182 98 -1 -1 -1 -1 
83 0 10 1828 317 41 43 -1 -1 -1 -1 
84 0 1 1270 399 94 68 -1 -1 -1 -1 
84 0 2 1617 385 77 60 -1 -1 -1 -1 
84 0 3 959 437 104 75 -1 -1 -1 -1 
84 2 8 354 467 187 97 -1 -1 -1 -1 
84 0 10 1822 313 37 44 -1 -1 -1 -1 
85 0 1 1280 399 97 68 -1 -1 -1 -1 
85 0 2 1625 386 79 59 -1 -1 -1 -1 
85 0 3 967 439 106 74 -1 -1 -1 -1 
85 2 8 364 465 185 96 -1 -1 -1 -1 
85 0 10 1816 315 40 43 -1 -1 -1 -1 
86 0 1 1293 395 98 70 -1 -1 -1 -1 
86 0 2 1635 385 82 58 -1 -1 -1 -1 
86 0 3 979 438 71 74 -1 -1 -1 -1 
86 2 8 374 463 183 97 -1 -1 -1 -1 
86 0 10 1811 315 41 43 -1 -1 -1 -1 
87 0 1 1303 394 101 71 -1 -1 -1 -1 
87 0 2 1649 383 76 57 -1 -1 -1 -1 
87 0 3 993 437 103 74 -1 -1 -1 -1 
87 2 8 381 466 179 91 -1 -1 -1 -1 
87 0 9 1732 302 41 42 -1 -1 -1 -1 
88 0 1 1318 392 95 70 -1 -1 -1 -1 
88 0 2 1659 384 75 61 -1 -1 -1 -1 
88 0 3 1006 436 105 74 -1 -1 -1 -1 
88 2 8 391 460 185 98 -1 -1 -1 -1 
88 0 9 1743 299 36 43 -1 -1 -1 -1 
88 0 10 1802 315 38 45 -1 -1 -1 -1 
89 0 1 1327 395 99 68 -1 -1 -1 -1 
89 0 2 1668 385 77 58 -1 -1 -1 -1 
89 0 3 1022 433 89 75 -1 -1 -1 -1 
89 2 8 402 461 181 94 -1 -1 -1 -1 
89 0 9 1715 301 49 44 -1 -1 -1 -1 
89 0 10 1794 313 41 45 -1 -1 -1 -1 
90 0 1 1341 389 99 69 -1 -1 -1 -1 
90 0 2 1677 386 76 57 -1 -1 -1 -1 
90 0 3 1032 430 95 78 -1 -1 -1 -1 
90 2 8 411 457 189 101 -1 -1 -1 -1 
90 0 9 1708 301 51 45 -1 -1 -1 -1 
91 0 1 1355 388 97 70 -1 -1 -1 -1 
91 0 2 1690 383 70 56 -1 -1 -1 -1 
91 0 3 1048 430 48 77 -1 -1 -1 -1 
91 2 8 419 457 188 101 -1 -1 -1 -1 
91 0 9 1711 301 46 43 -1 -1 -1 -1 
91 0 10 1783 318 35 42 -1 -1 -1 -1 
92 0 1 1369 389 92 69 -1 -1 -1 -1 
92 0 2 1701 383 69 54 -1 -1 -1 -1 
92 0 3 1053 437 70 70 -1 -1 -1 -1 
92 2 8 425 453 184 99 -1 -1 -1 -1 
92 0 9 1719 300 35 42 -1 -1 -1 -1 
92 0 10 1781 317 43 44 -1 -1 -1 -1 
93 0 1 1380 390 94 65 -1 -1 -1 -1 
93 0 2 1711 384 67 55 -1 -1 -1 -1 
93 0 3 1076 430 63 75 -1 -1 -1 -1 
93 2 8 431 450 196 102 -1 -1 -1 -1 
94 0 1 1394 391 95 64 -1 -1 -1 -1 
94 0 2 1719 379 69 56 -1 -1 -1 -1 
94 0 3 1083 440 55 64 -1 -1 -1 -1 
94 2 8 447 450 194 101 -1 -1 -1 -1 
94 0 9 1685 305 29 41 -1 -1 -1 -1 
95 0 1 1409 387 90 65 -1 -1 -1 -1 
95 0 2 1728 377 68 58 -1 -1 -1 -1 
95 0 3 1096 441 47 62 -1 -1 -1 -1 
95 2 8 457 447 191 102 -1 -1 -1 -1 
95 0 9 1694 301 38 43 -1 -1 -1 -1 
96 0 1 1418 387 90 67 -1 -1 -1 -1 
96 2 2 1737 373 71 58 -1 -1 -1 -1 
96 0 3 1116 430 109 68 -1 -1 -1 -1 
96 2 8 465 448 188 96 -1 -1 -1 -1 
96 0 9 1697 303 33 42 -1 -1 -1 -1 
96 0 21 1742 373 61 58 -1 -1 -1 -1 
97 0 1 1433 384 89 65 -1 -1 -1 -1 
97 0 2 1748 372 67 60 -1 -1 -1 -1 
97 0 3 1126 428 115 68 -1 -1 -1 -1 
97 2 8 473 448 190 96 -1 -1 -1 -1 
97 0 9 1668 308 29 38 -1 -1 -1 -1 
97 0 21 1747 371 63 59 -1 -1 -1 -1 
98 0 1 1441 387 93 63 -1 -1 -1 -1 
98 0 2 1759 371 65 59 -1 -1 -1 -1 
98 0 3 1137 427 61 69 -1 -1 -1 -1 
98 2 8 481 442 201 102 -1 -1 -1 -1 
98 0 9 1660 304 53 43 -1 -1 -1 -1 
98 0 10 1743 317 32 42 -1 -1 -1 -1 
99 0 1 1455 388 90 62 -1 -1 -1 -1 
99 0 3 1160 424 110 73 -1 -1 -1 -1 
99 2 8 491 439 200 105 -1 -1 -1 -1 
99 0 9 1667 303 41 44 -1 -1 -1 -1 
100 0 1 1474 386 83 61 -1 -1 -1 -1 
100 0 2 1773 377 69 56 -1 -1 -1 -1 
100 0 3 1169 417 97 81 -1 -1 -1 -1 
100 2 8 507 438 197 107 -1 -1 -1 -1 
100 0 9 1644 308 56 39 -1 -1 -1 -1 
100 0 10 1734 320 34 40 -1 -1 -1 -1 
101 0 1 1490 384 78 64 -1 -1 -1 -1 
101 0 2 1782 379 69 55 -1 -1 -1 -1 
101 0 3 1179 418 108 81 -1 -1 -1 -1 
101 2 8 511 434 205 109 -1 -1 -1 -1 
101 0 9 1640 309 56 41 -1 -1 -1 -1 
101 0 10 1729 320 42 42 -1 -1 -1 -1 
102 0 1 1494 387 84 62 -1 -1 -1 -1 
102 0 2 1793 376 64 54 -1 -1 -1 -1 
102 0 3 1208 418 102 73 -1 -1 -1 -1 
102 2 8 524 434 202 109 -1 -1 -1 -1 
102 0 9 1632 309 60 42 -1 -1 -1 -1 
103 0 1 1506 385 86 61 -1 -1 -1 -1 
103 0 2 1801 376 65 56 -1 -1 -1 -1 
103 0 3 1206 417 109 75 -1 -1 -1 -1 
103 2 8 528 433 208 107 -1 -1 -1 -1 
103 0 9 1628 304 46 44 -1 -1 -1 -1 
103 0 26 242 526 89 56 -1 -1 -1 -1 
104 0 1 1517 383 81 61 -1 -1 -1 -1 
104 0 2 1810 375 66 57 -1 -1 -1 -1 
104 0 3 1222 415 95 78 -1 -1 -1 -1 
104 2 8 541 428 203 110 -1 -1 -1 -1 
104 0 9 1618 309 58 41 -1 -1 -1 -1 
105 0 1 1530 382 81 61 -1 -1 -1 -1 
105 0 2 1815 377 60 54 -1 -1 -1 -1 
105 0 3 1235 416 109 73 -1 -1 -1 -1 
105 2 8 550 428 208 111 -1 -1 -1 -1 
105 0 9 1612 307 55 42 -1 -1 -1 -1 
105 0 26 263 521 88 58 -1 -1 -1 -1 
106 0 1 1537 386 83 59 -1 -1 -1 -1 
106 0 2 1824 374 62 55 -1 -1 -1 -1 
106 0 3 1250 415 107 73 -1 -1 -1 -1 
106 2 8 558 427 203 107 -1 -1 -1 -1 
106 0 9 1600 305 54 44 -1 -1 -1 -1 
106 2 26 271 515 89 57 -1 -1 -1 -1 
107 0 1 1556 379 78 57 -1 -1 -1 -1 
107 0 2 1834 375 63 56 -1 -1 -1 -1 
107 0 3 1263 411 106 82 -1 -1 -1 -1 
107 2 8 575 429 210 106 -1 -1 -1 -1 
107 0 9 1592 309 61 42 -1 -1 -1 -1 
107 0 26 282 524 84 51 -1 -1 -1 -1 
108 0 1 1581 381 63 55 -1 -1 -1 -1 
108 0 2 1840 377 64 51 -1 -1 -1 -1 
108 0 3 1269 405 102 84 -1 -1 -1 -1 
108 2 8 581 429 206 105 -1 -1 -1 -1 
108 0 9 1587 306 59 43 -1 -1 -1 -1 
108 0 26 307 519 76 53 -1 -1 -1 -1 
109 0 1 1583 381 70 53 -1 -1 -1 -1 
109 0 2 1849 377 60 50 -1 -1 -1 -1 
109 0 3 1290 416 108 70 -1 -1 -1 -1 
109 2 8 594 427 208 106 -1 -1 -1 -1 
109 0 9 1577 306 48 44 -1 -1 -1 -1 
109 0 10 1681 320 43 43 -1 -1 -1 -1 
109 0 26 301 512 84 54 -1 -1 -1 -1 
110 0 1 1582 379 77 54 -1 -1 -1 -1 
110 0 2 1854 377 60 49 -1 -1 -1 -1 
110 0 3 1302 413 102 72 -1 -1 -1 -1 
110 2 8 604 426 202 101 -1 -1 -1 -1 
110 0 9 1569 306 52 46 -1 -1 -1 -1 
110 0 10 1675 320 44 44 -1 -1 -1 -1 
111 0 1 1595 379 79 54 -1 -1 -1 -1 
111 0 2 1863 376 50 48 -1 -1 -1 -1 
111 0 3 1311 409 98 80 -1 -1 -1 -1 
111 2 8 618 426 212 104 -1 -1 -1 -1 
111 0 9 1563 305 59 48 -1 -1 -1 -1 
111 0 26 322 510 86 53 -1 -1 -1 -1 
112 0 1 1612 374 67 57 -1 -1 -1 -1 
112 0 2 1869 373 47 50 -1 -1 -1 -1 
112 0 3 1321 408 87 78 -1 -1 -1 -1 
112 2 8 623 426 212 102 -1 -1 -1 -1 
112 0 9 1560 305 58 48 -1 -1 -1 -1 
112 0 26 334 505 88 60 -1 -1 -1 -1 
113 0 1 1617 376 65 57 -1 -1 -1 -1 
113 0 2 1878 372 39 51 -1 -1 -1 -1 
113 0 3 1347 413 101 67 -1 -1 -1 -1 
113 2 8 639 423 208 105 -1 -1 -1 -1 
113 0 9 1547 308 61 49 -1 -1 -1 -1 
113 0 26 342 505 93 55 -1 -1 -1 -1 
114 0 1 1634 376 66 55 -1 -1 -1 -1 
114 0 2 1885 373 34 52 -1 -1 -1 -1 
114 0 3 1352 410 101 70 -1 -1 -1 -1 
114 2 8 645 424 211 102 -1 -1 -1 -1 
114 0 9 1538 311 66 45 -1 -1 -1 -1 
114 0 26 352 501 93 60 -1 -1 -1 -1 
115 0 1 1634 379 70 55 -1 -1 -1 -1 
115 0 2 1894 371 25 57 -1 -1 -1 -1 
115 0 3 1362 412 97 70 -1 -1 -1 -1 
115 2 8 661 419 214 108 -1 -1 -1 -1 
115 0 9 1532 313 61 45 -1 -1 -1 -1 
115 0 26 362 499 93 62 -1 -1 -1 -1 
116 0 1 1651 374 71 55 -1 -1 -1 -1 
116 0 2 1902 370 17 58 -1 -1 -1 -1 
116 0 3 1376 407 102 73 -1 -1 -1 -1 
116 2 8 671 421 217 107 -1 -1 -1 -1 
116 0 9 1527 310 58 47 -1 -1 -1 -1 
117 0 1 1657 371 69 57 -1 -1 -1 -1 
117 0 3 1386 406 82 72 -1 -1 -1 -1 
117 2 8 683 415 212 112 -1 -1 -1 -1 
117 0 9 1517 315 64 44 -1 -1 -1 -1 
117 0 10 1628 323 36 45 -1 -1 -1 -1 
117 0 26 385 496 96 59 -1 -1 -1 -1 
118 0 1 1664 374 67 54 -1 -1 -1 -1 
118 0 3 1397 409 55 68 -1 -1 -1 -1 
118 2 8 692 413 218 111 -1 -1 -1 -1 
118 0 9 1511 311 63 44 -1 -1 -1 -1 
118 0 10 1622 320 41 46 -1 -1 -1 -1 
118 0 26 395 495 95 61 -1 -1 -1 -1 
119 0 1 1674 374 67 53 -1 -1 -1 -1 
119 0 3 1411 403 68 70 -1 -1 -1 -1 
119 2 8 705 413 217 110 -1 -1 -1 -1 
119 0 9 1501 314 63 44 -1 -1 -1 -1 
119 0 10 1619 319 41 46 -1 -1 -1 -1 
120 0 1 1683 367 70 56 -1 -1 -1 -1 
120 0 3 1422 402 65 71 -1 -1 -1 -1 
120 2 8 717 409 217 111 -1 -1 -1 -1 
120 0 9 1492 316 65 44 -1 -1 -1 -1 
120 0 10 1613 318 42 49 -1 -1 -1 -1 
120 0 26 418 492 96 56 -1 -1 -1 -1 
121 0 1 1692 365 71 57 -1 -1 -1 -1 
121 0 3 1433 399 70 73 -1 -1 -1 -1 
121 2 8 730 407 209 112 -1 -1 -1 -1 
121 0 9 1485 314 65 43 -1 -1 -1 -1 
121 0 10 1604 316 51 50 -1 -1 -1 -1 
122 0 3 1452 404 91 66 -1 -1 -1 -1 
122 2 8 744 396 203 121 -1 -1 -1 -1 
122 0 9 1478 318 57 41 -1 -1 -1 -1 
122 0 10 1596 321 48 45 -1 -1 -1 -1 
122 0 26 443 488 94 61 -1 -1 -1 -1 
123 0 1 1708 369 70 53 -1 -1 -1 -1 
123 0 3 1459 405 72 64 -1 -1 -1 -1 
123 2 8 754 392 202 124 -1 -1 -1 -1 
123 0 9 1468 317 65 41 -1 -1 -1 -1 
123 0 10 1592 322 50 44 -1 -1 -1 -1 
123 0 26 450 488 95 58 -1 -1 -1 -1 
124 0 1 1720 368 68 52 -1 -1 -1 -1 
124 0 3 1472 401 66 65 -1 -1 -1 -1 
124 2 8 769 393 211 125 -1 -1 -1 -1 
124 0 9 1461 316 65 43 -1 -1 -1 -1 
124 0 10 1584 323 42 44 -1 -1 -1 -1 
124 0 26 462 485 90 57 -1 -1 -1 -1 
125 0 1 1729 367 69 52 -1 -1 -1 -1 
125 0 3 1485 399 72 69 -1 -1 -1 -1 
125 2 8 775 395 216 121 -1 -1 -1 -1 
125 0 9 1453 316 60 45 -1 -1 -1 -1 
126 0 1 1736 366 66 56 -1 -1 -1 -1 
126 0 3 1500 396 84 69 -1 -1 -1 -1 
126 2 8 790 394 217 120 -1 -1 -1 -1 
126 0 9 1440 314 68 48 -1 -1 -1 -1 
126 0 10 1573 312 56 56 -1 -1 -1 -1 
126 0 26 492 483 95 53 -1 -1 -1 -1 
127 0 1 1748 361 64 58 -1 -1 -1 -1 
127 0 3 1509 393 76 73 -1 -1 -1 -1 
127 2 8 804 396 217 112 -1 -1 -1 -1 
127 0 9 1431 316 71 48 -1 -1 -1 -1 
127 0 10 1566 314 75 58 -1 -1 -1 -1 
127 0 26 498 481 77 54 -1 -1 -1 -1 
128 0 1 1748 365 73 57 -1 -1 -1 -1 
128 0 3 1517 393 70 71 -1 -1 -1 -1 
128 2 8 814 397 215 111 -1 -1 -1 -1 
128 0 9 1424 317 63 47 -1 -1 -1 -1 
128 0 10 1568 313 63 55 -1 -1 -1 -1 
128 0 26 519 478 87 54 -1 -1 -1 -1 
129 0 1 1757 364 70 55 -1 -1 -1 -1 
129 0 3 1528 393 61 71 -1 -1 -1 -1 
129 2 8 827 397 218 109 -1 -1 -1 -1 
129 0 9 1415 316 68 49 -1 -1 -1 -1 
129 0 10 1567 313 68 58 -1 -1 -1 -1 
129 0 26 524 474 91 60 -1 -1 -1 -1 
130 0 1 1770 364 66 54 -1 -1 -1 -1 
130 0 3 1539 394 68 69 -1 -1 -1 -1 
130 2 8 840 401 208 105 -1 -1 -1 -1 
130 0 9 1405 317 71 48 -1 -1 -1 -1 
130 0 10 1578 306 54 60 -1 -1 -1 -1 
130 0 26 533 470 96 61 -1 -1 -1 -1 
131 0 1 1776 364 63 54 -1 -1 -1 -1 
131 0 3 1555 394 71 68 -1 -1 -1 -1 
131 2 8 852 393 215 110 -1 -1 -1 -1 
131 0 9 1399 317 62 50 -1 -1 -1 -1 
131 0 10 1575 304 54 61 -1 -1 -1 -1 
131 0 26 549 463 92 65 -1 -1 -1 -1 
132 0 1 1785 363 63 55 -1 -1 -1 -1 
132 0 3 1564 387 73 74 -1 -1 -1 -1 
132 2 8 864 392 209 110 -1 -1 -1 -1 
132 0 9 1388 317 69 51 -1 -1 -1 -1 
133 0 1 1787 366 69 49 -1 -1 -1 -1 
133 0 3 1576 384 48 72 -1 -1 -1 -1 
133 2 8 877 390 212 111 -1 -1 -1 -1 
133 0 9 1380 319 73 48 -1 -1 -1 -1 
133 0 10 1526 316 75 57 -1 -1 -1 -1 
134 0 1 1796 363 65 50 -1 -1 -1 -1 
134 0 3 1585 392 56 66 -1 -1 -1 -1 
134 2 8 887 393 216 106 -1 -1 -1 -1 
134 0 9 1369 319 69 48 -1 -1 -1 -1 
134 0 10 1550 317 45 54 -1 -1 -1 -1 
134 0 26 585 452 92 66 -1 -1 -1 -1 
135 0 1 1799 363 70 51 -1 -1 -1 -1 
135 0 3 1599 397 43 58 -1 -1 -1 -1 
135 2 8 905 393 208 104 -1 -1 -1 -1 
135 0 9 1362 321 70 47 -1 -1 -1 -1 
135 0 10 1503 330 52 43 -1 -1 -1 -1 
135 0 26 599 455 92 65 -1 -1 -1 -1 
136 0 1 1807 363 69 50 -1 -1 -1 -1 
136 0 3 1611 392 43 64 -1 -1 -1 -1 
136 2 8 911 392 212 105 -1 -1 -1 -1 
136 0 9 1352 323 70 46 -1 -1 -1 -1 
136 0 10 1528 321 50 49 -1 -1 -1 -1 
137 0 3 1622 388 44 64 -1 -1 -1 -1 
137 2 8 926 391 211 105 -1 -1 -1 -1 
137 0 9 1343 323 69 46 -1 -1 -1 -1 
137 0 10 1496 324 71 51 -1 -1 -1 -1 
137 0 26 621 453 97 62 -1 -1 -1 -1 
138 0 1 1819 365 67 49 -1 -1 -1 -1 
138 0 3 1630 395 45 59 -1 -1 -1 -1 
138 2 8 938 391 215 103 -1 -1 -1 -1 
138 0 9 1334 326 70 47 -1 -1 -1 -1 
138 0 10 1487 323 76 52 -1 -1 -1 -1 
138 0 26 637 448 94 65 -1 -1 -1 -1 
139 0 1 1824 365 70 48 -1 -1 -1 -1 
139 0 3 1639 397 44 55 -1 -1 -1 -1 
139 2 8 955 389 207 104 -1 -1 -1 -1 
139 0 9 1326 326 67 47 -1 -1 -1 -1 
139 0 10 1498 325 58 48 -1 -1 -1 -1 
139 0 26 642 445 97 69 -1 -1 -1 -1 
140 0 1 1831 365 70 47 -1 -1 -1 -1 
140 0 3 1654 397 55 54 -1 -1 -1 -1 
140 2 8 963 387 214 105 -1 -1 -1 -1 
140 0 9 1315 327 72 46 -1 -1 -1 -1 
140 0 10 1495 328 58 47 -1 -1 -1 -1 
141 0 3 1665 390 45 60 -1 -1 -1 -1 
141 2 8 978 387 214 103 -1 -1 -1 -1 
141 0 9 1306 330 68 44 -1 -1 -1 -1 
141 0 10 1487 328 55 48 -1 -1 -1 -1 
141 0 26 668 443 99 67 -1 -1 -1 -1 
142 0 1 1855 366 57 42 -1 -1 -1 -1 
142 0 3 1672 397 40 52 -1 -1 -1 -1 
142 2 8 989 385 217 104 -1 -1 -1 -1 
142 0 9 1295 332 71 45 -1 -1 -1 -1 
142 0 10 1471 324 60 50 -1 -1 -1 -1 
142 0 26 679 441 99 68 -1 -1 -1 -1 
143 0 1 1861 366 53 44 -1 -1 -1 -1 
143 0 3 1684 388 71 59 -1 -1 -1 -1 
143 2 8 1005 384 215 105 -1 -1 -1 -1 
143 0 9 1285 334 70 44 -1 -1 -1 -1 
143 0 10 1471 325 56 50 -1 -1 -1 -1 
143 0 26 694 438 96 68 -1 -1 -1 -1 
143 0 36 1449 326 60 52 -1 -1 -1 -1 
144 0 1 1866 372 39 37 -1 -1 -1 -1 
144 0 3 1691 393 47 54 -1 -1 -1 -1 
144 2 8 1014 383 211 104 -1 -1 -1 -1 
144 0 9 1278 335 68 42 -1 -1 -1 -1 
144 0 10 1441 327 72 49 -1 -1 -1 -1 
144 0 26 704 437 100 66 -1 -1 -1 -1 
144 0 36 1449 321 67 58 -1 -1 -1 -1 
145 0 1 1873 373 37 35 -1 -1 -1 -1 
145 0 3 1701 385 70 61 -1 -1 -1 -1 
145 2 8 1027 382 218 105 -1 -1 -1 -1 
145 0 9 1267 331 70 48 -1 -1 -1 -1 
145 0 10 1444 324 62 52 -1 -1 -1 -1 
145 0 26 719 434 99 65 -1 -1 -1 -1 
146 0 3 1712 381 66 64 -1 -1 -1 -1 
146 2 8 1043 380 218 105 -1 -1 -1 -1 
146 0 9 1255 337 73 43 -1 -1 -1 -1 
146 0 10 1451 326 48 51 -1 -1 -1 -1 
146 0 26 729 435 100 65 -1 -1 -1 -1 
146 0 38 1220 309 56 44 -1 -1 -1 -1 
147 0 3 1721 384 50 59 -1 -1 -1 -1 
147 2 8 1057 380 212 105 -1 -1 -1 -1 
147 0 9 1243 338 77 42 -1 -1 -1 -1 
147 0 10 1449 328 46 50 -1 -1 -1 -1 
147 0 26 745 429 94 67 -1 -1 -1 -1 
147 0 36 1412 331 39 49 -1 -1 -1 -1 
148 0 3 1730 380 63 62 -1 -1 -1 -1 
148 2 8 1062 379 216 106 -1 -1 -1 -1 
148 0 9 1229 336 75 45 -1 -1 -1 -1 
148 0 10 1424 327 62 53 -1 -1 -1 -1 
148 0 26 764 430 93 64 -1 -1 -1 -1 
148 0 36 1406 332 33 49 -1 -1 -1 -1 
149 0 3 1738 378 68 63 -1 -1 -1 -1 
149 2 8 1079 383 206 96 -1 -1 -1 -1 
149 0 9 1223 327 72 56 -1 -1 -1 -1 
149 0 10 1415 325 64 55 -1 -1 -1 -1 
150 2 8 1094 381 214 98 -1 -1 -1 -1 
150 0 9 1216 329 74 53 -1 -1 -1 -1 
150 0 10 1412 325 60 55 -1 -1 -1 -1 
150 0 26 781 426 98 66 -1 -1 -1 -1 
150 0 36 1388 334 39 48 -1 -1 -1 -1 
151 0 3 1760 376 60 64 -1 -1 -1 -1 
151 2 8 1105 381 222 98 -1 -1 -1 -1 
151 0 9 1219 333 60 49 -1 -1 -1 -1 
151 0 10 1396 325 66 55 -1 -1 -1 -1 
151 0 26 798 423 96 65 -1 -1 -1 -1 
151 0 36 1383 331 45 50 -1 -1 -1 -1 
152 0 3 1769 375 48 64 -1 -1 -1 -1 
152 2 8 1117 378 211 97 -1 -1 -1 -1 
152 0 9 1217 329 51 58 -1 -1 -1 -1 
152 0 10 1401 328 54 53 -1 -1 -1 -1 
152 0 26 811 419 97 66 -1 -1 -1 -1 
152 0 36 1373 334 36 48 -1 -1 -1 -1 
153 0 3 1776 376 66 64 -1 -1 -1 -1 
153 2 8 1129 372 209 101 -1 -1 -1 -1 
153 0 9 1209 333 51 55 -1 -1 -1 -1 
153 0 10 1390 330 59 53 -1 -1 -1 -1 
153 0 26 831 419 94 64 -1 -1 -1 -1 
153 0 36 1364 334 50 49 -1 -1 -1 -1 
154 0 3 1785 375 69 64 -1 -1 -1 -1 
154 2 8 1148 372 203 102 -1 -1 -1 -1 
154 0 9 1355 328 72 56 -1 -1 -1 -1 
154 0 10 1387 330 56 53 -1 -1 -1 -1 
154 0 26 837 418 92 63 -1 -1 -1 -1 
155 0 3 1793 374 50 64 -1 -1 -1 -1 
155 2 8 1156 370 206 100 -1 -1 -1 -1 
155 0 9 1366 328 74 56 -1 -1 -1 -1 
155 0 10 1374 331 62 51 -1 -1 -1 -1 
155 0 26 854 414 93 63 -1 -1 -1 -1 
155 0 36 1345 337 40 47 -1 -1 -1 -1 
156 0 3 1803 372 64 64 -1 -1 -1 -1 
156 2 8 1170 369 202 99 -1 -1 -1 -1 
156 0 10 1370 331 56 50 -1 -1 -1 -1 
156 0 26 868 417 93 59 -1 -1 -1 -1 
156 0 36 1337 337 44 46 -1 -1 -1 -1 
156 2 45 225 500 111 75 -1 -1 -1 -1 
157 0 3 1812 371 62 66 -1 -1 -1 -1 
157 2 8 1181 374 202 97 -1 -1 -1 -1 
157 0 10 1335 328 80 56 -1 -1 -1 -1 
157 0 26 880 418 92 57 -1 -1 -1 -1 
157 0 36 1329 338 44 45 -1 -1 -1 -1 
158 0 3 1817 377 42 60 -1 -1 -1 -1 
158 2 8 1193 365 207 102 -1 -1 -1 -1 
158 0 10 1334 328 72 58 -1 -1 -1 -1 
158 0 26 895 415 88 57 -1 -1 -1 -1 
158 2 45 203 493 153 83 -1 -1 -1 -1 
159 0 3 1826 372 65 62 -1 -1 -1 -1 
159 2 8 1204 368 210 99 -1 -1 -1 -1 
159 0 9 1121 349 72 47 -1 -1 -1 -1 
159 0 10 1345 329 59 56 -1 -1 -1 -1 
159 0 26 907 415 92 57 -1 -1 -1 -1 
159 2 45 203 487 161 92 -1 -1 -1 -1 
160 0 3 1835 369 63 66 -1 -1 -1 -1 
160 2 8 1217 365 200 99 -1 -1 -1 -1 
160 0 9 1105 355 74 40 -1 -1 -1 -1 
160 0 10 1338 330 59 55 -1 -1 -1 -1 
160 0 26 921 414 95 55 -1 -1 -1 -1 
161 0 3 1843 376 65 57 -1 -1 -1 -1 
161 2 8 1230 366 198 100 -1 -1 -1 -1 
161 0 9 1092 358 74 38 -1 -1 -1 -1 
161 0 26 930 404 95 65 -1 -1 -1 -1 
162 0 3 1852 373 59 59 -1 -1 -1 -1 
162 2 8 1241 361 198 100 -1 -1 -1 -1 
162 0 9 1083 361 77 38 -1 -1 -1 -1 
162 0 26 947 407 96 60 -1 -1 -1 -1 
162 2 45 212 483 177 94 -1 -1 -1 -1 
