151 0 3 1760 376 60 64 -1 -1 -1 -1 
151 2 8 1105 381 222 98 -1 -1 -1 -1 
151 0 9 1219 333 60 49 -1 -1 -1 -1 
151 0 10 1396 325 66 55 -1 -1 -1 -1 
151 0 26 798 423 96 65 -1 -1 -1 -1 
151 0 36 1383 331 45 50 -1 -1 -1 -1 
152 0 3 1769 375 48 64 -1 -1 -1 -1 
152 2 8 1117 378 211 97 -1 -1 -1 -1 
152 0 9 1217 329 51 58 -1 -1 -1 -1 
152 0 10 1401 328 54 53 -1 -1 -1 -1 
152 0 26 811 419 97 66 -1 -1 -1 -1 
152 0 36 1373 334 36 48 -1 -1 -1 -1 
153 0 3 1776 376 66 64 -1 -1 -1 -1 
153 2 8 1129 372 209 101 -1 -1 -1 -1 
153 0 9 1209 333 51 55 -1 -1 -1 -1 
153 0 10 1390 330 59 53 -1 -1 -1 -1 
153 0 26 831 419 94 64 -1 -1 -1 -1 
153 0 36 1364 334 50 49 -1 -1 -1 -1 
154 0 3 1785 375 69 64 -1 -1 -1 -1 
154 2 8 1148 372 203 102 -1 -1 -1 -1 
154 0 9 1355 328 72 56 -1 -1 -1 -1 
154 0 10 1387 330 56 53 -1 -1 -1 -1 
154 0 26 837 418 92 63 -1 -1 -1 -1 
155 0 3 1793 374 50 64 -1 -1 -1 -1 
155 2 8 1156 370 206 100 -1 -1 -1 -1 
155 0 9 1366 328 74 56 -1 -1 -1 -1 
155 0 10 1374 331 62 51 -1 -1 -1 -1 
155 0 26 854 414 93 63 -1 -1 -1 -1 
155 0 36 1345 337 40 47 -1 -1 -1 -1 
156 0 3 1803 372 64 64 -1 -1 -1 -1 
156 2 8 1170 369 202 99 -1 -1 -1 -1 
156 0 10 1370 331 56 50 -1 -1 -1 -1 
156 0 26 868 417 93 59 -1 -1 -1 -1 
156 0 36 1337 337 44 46 -1 -1 -1 -1 
156 2 45 225 500 111 75 -1 -1 -1 -1 
157 0 3 1812 371 62 66 -1 -1 -1 -1 
157 2 8 1181 374 202 97 -1 -1 -1 -1 
157 0 10 1335 328 80 56 -1 -1 -1 -1 
157 0 26 880 418 92 57 -1 -1 -1 -1 
157 0 36 1329 338 44 45 -1 -1 -1 -1 
158 0 3 1817 377 42 60 -1 -1 -1 -1 
158 2 8 1193 365 207 102 -1 -1 -1 -1 
158 0 10 1334 328 72 58 -1 -1 -1 -1 
158 0 26 895 415 88 57 -1 -1 -1 -1 
158 2 45 203 493 153 83 -1 -1 -1 -1 
159 0 3 1826 372 65 62 -1 -1 -1 -1 
159 2 8 1204 368 210 99 -1 -1 -1 -1 
159 0 9 1121 349 72 47 -1 -1 -1 -1 
159 0 10 1345 329 59 56 -1 -1 -1 -1 
159 0 26 907 415 92 57 -1 -1 -1 -1 
159 2 45 203 487 161 92 -1 -1 -1 -1 
160 0 3 1835 369 63 66 -1 -1 -1 -1 
160 2 8 1217 365 200 99 -1 -1 -1 -1 
160 0 9 1105 355 74 40 -1 -1 -1 -1 
160 0 10 1338 330 59 55 -1 -1 -1 -1 
160 0 26 921 414 95 55 -1 -1 -1 -1 
161 0 3 1843 376 65 57 -1 -1 -1 -1 
161 2 8 1230 366 198 100 -1 -1 -1 -1 
161 0 9 1092 358 74 38 -1 -1 -1 -1 
161 0 26 930 404 95 65 -1 -1 -1 -1 
162 0 3 1852 373 59 59 -1 -1 -1 -1 
162 2 8 1241 361 198 100 -1 -1 -1 -1 
162 0 9 1083 361 77 38 -1 -1 -1 -1 
162 0 26 947 407 96 60 -1 -1 -1 -1 
162 2 45 212 483 177 94 -1 -1 -1 -1 
