3 3 1 575 465 107 81 -1 -1 -1 -1 
4 3 1 589 462 106 83 -1 -1 -1 -1 
5 3 1 597 467 110 78 -1 -1 -1 -1 
5 3 2 359 496 92 76 -1 -1 -1 -1 
6 3 1 615 463 103 79 -1 -1 -1 -1 
6 3 2 370 505 89 65 -1 -1 -1 -1 
7 3 1 622 464 109 80 -1 -1 -1 -1 
7 3 2 377 502 89 67 -1 -1 -1 -1 
8 3 1 637 452 106 89 -1 -1 -1 -1 
9 3 1 643 449 113 93 -1 -1 -1 -1 
9 3 2 395 493 91 72 -1 -1 -1 -1 
10 3 1 659 451 107 88 -1 -1 -1 -1 
10 3 2 402 492 93 74 -1 -1 -1 -1 
11 3 1 667 449 112 89 -1 -1 -1 -1 
11 3 2 411 496 94 67 -1 -1 -1 -1 
12 3 1 683 444 111 89 -1 -1 -1 -1 
12 3 2 426 487 85 74 -1 -1 -1 -1 
13 3 1 692 450 114 84 -1 -1 -1 -1 
13 3 2 430 484 91 75 -1 -1 -1 -1 
14 3 1 707 442 109 91 -1 -1 -1 -1 
14 3 2 437 482 95 76 -1 -1 -1 -1 
14 3 4 245 522 84 69 -1 -1 -1 -1 
15 3 1 716 441 114 92 -1 -1 -1 -1 
15 3 2 443 481 97 77 -1 -1 -1 -1 
15 3 4 255 518 79 69 -1 -1 -1 -1 
16 3 1 733 442 109 87 -1 -1 -1 -1 
16 3 2 453 481 97 76 -1 -1 -1 -1 
16 3 4 260 516 80 70 -1 -1 -1 -1 
17 3 1 742 442 114 87 -1 -1 -1 -1 
17 3 2 462 482 98 74 -1 -1 -1 -1 
17 3 4 265 520 89 68 -1 -1 -1 -1 
18 3 1 754 443 112 85 -1 -1 -1 -1 
18 3 2 475 487 93 67 -1 -1 -1 -1 
18 3 4 278 519 83 66 -1 -1 -1 -1 
19 3 1 767 443 113 83 -1 -1 -1 -1 
19 3 2 483 474 96 77 -1 -1 -1 -1 
19 3 4 286 518 82 67 -1 -1 -1 -1 
20 3 1 780 443 114 81 -1 -1 -1 -1 
20 3 2 490 479 99 75 -1 -1 -1 -1 
20 3 4 292 522 88 63 -1 -1 -1 -1 
21 3 1 790 446 117 77 -1 -1 -1 -1 
21 3 2 501 476 97 74 -1 -1 -1 -1 
21 3 4 301 522 83 61 -1 -1 -1 -1 
22 3 1 804 435 116 85 -1 -1 -1 -1 
22 3 2 516 471 97 77 -1 -1 -1 -1 
22 3 4 310 516 83 65 -1 -1 -1 -1 
23 3 1 819 439 115 82 -1 -1 -1 -1 
23 3 2 521 473 99 76 -1 -1 -1 -1 
23 3 4 313 519 92 62 -1 -1 -1 -1 
24 3 1 833 442 114 79 -1 -1 -1 -1 
24 3 2 532 468 98 77 -1 -1 -1 -1 
24 3 4 324 518 87 60 -1 -1 -1 -1 
25 3 1 845 443 116 77 -1 -1 -1 -1 
25 3 2 542 468 98 78 -1 -1 -1 -1 
25 3 4 333 514 85 63 -1 -1 -1 -1 
26 3 1 856 434 114 83 -1 -1 -1 -1 
26 3 2 552 461 98 83 -1 -1 -1 -1 
26 3 4 339 515 91 64 -1 -1 -1 -1 
27 3 1 873 438 112 77 -1 -1 -1 -1 
27 3 2 564 460 99 82 -1 -1 -1 -1 
27 3 4 347 519 89 57 -1 -1 -1 -1 
28 3 1 883 439 117 77 -1 -1 -1 -1 
28 3 2 573 461 99 81 -1 -1 -1 -1 
28 3 4 356 502 90 75 -1 -1 -1 -1 
29 3 1 896 439 117 75 -1 -1 -1 -1 
29 3 2 584 458 99 81 -1 -1 -1 -1 
30 3 1 910 432 117 80 -1 -1 -1 -1 
30 3 2 591 468 102 72 -1 -1 -1 -1 
30 3 4 372 514 95 60 -1 -1 -1 -1 
31 3 1 926 425 114 85 -1 -1 -1 -1 
31 3 2 607 457 96 78 -1 -1 -1 -1 
31 3 4 383 508 90 64 -1 -1 -1 -1 
32 3 1 942 427 115 82 -1 -1 -1 -1 
32 3 2 614 463 102 74 -1 -1 -1 -1 
32 3 4 391 506 95 65 -1 -1 -1 -1 
33 3 1 954 422 113 85 -1 -1 -1 -1 
33 3 2 624 459 103 76 -1 -1 -1 -1 
33 3 4 398 493 93 77 -1 -1 -1 -1 
34 3 1 970 416 111 88 -1 -1 -1 -1 
34 3 2 636 455 100 78 -1 -1 -1 -1 
34 3 4 407 495 93 74 -1 -1 -1 -1 
35 3 1 981 426 117 78 -1 -1 -1 -1 
35 3 2 644 458 104 74 -1 -1 -1 -1 
35 3 4 418 498 92 71 -1 -1 -1 -1 
36 3 1 995 418 114 83 -1 -1 -1 -1 
36 3 2 655 445 105 85 -1 -1 -1 -1 
36 3 4 428 489 94 77 -1 -1 -1 -1 
37 3 1 1006 423 118 81 -1 -1 -1 -1 
37 3 2 661 461 110 70 -1 -1 -1 -1 
37 3 4 433 485 99 80 -1 -1 -1 -1 
38 3 1 1025 416 110 82 -1 -1 -1 -1 
38 3 2 677 449 104 79 -1 -1 -1 -1 
38 3 4 445 490 95 76 -1 -1 -1 -1 
39 3 1 1038 418 115 80 -1 -1 -1 -1 
39 3 2 689 445 107 83 -1 -1 -1 -1 
39 3 4 454 487 95 77 -1 -1 -1 -1 
40 3 1 1052 417 112 80 -1 -1 -1 -1 
40 3 2 697 445 111 82 -1 -1 -1 -1 
40 3 4 462 488 99 76 -1 -1 -1 -1 
41 3 1 1068 410 109 84 -1 -1 -1 -1 
41 3 2 707 447 110 79 -1 -1 -1 -1 
41 3 4 474 485 97 76 -1 -1 -1 -1 
42 3 1 1081 417 110 79 -1 -1 -1 -1 
42 3 2 724 438 105 85 -1 -1 -1 -1 
42 3 4 481 479 99 80 -1 -1 -1 -1 
43 3 1 1095 409 112 84 -1 -1 -1 -1 
43 3 2 735 446 107 78 -1 -1 -1 -1 
43 3 4 493 491 98 69 -1 -1 -1 -1 
44 3 1 1107 401 113 92 -1 -1 -1 -1 
44 3 2 744 441 111 80 -1 -1 -1 -1 
44 3 4 502 489 95 69 -1 -1 -1 -1 
45 3 1 1124 404 108 88 -1 -1 -1 -1 
45 3 2 754 446 111 74 -1 -1 -1 -1 
45 3 4 514 483 98 72 -1 -1 -1 -1 
46 3 1 1130 404 122 87 -1 -1 -1 -1 
46 3 2 770 440 106 79 -1 -1 -1 -1 
46 3 4 522 478 97 75 -1 -1 -1 -1 
47 3 1 1146 400 116 91 -1 -1 -1 -1 
47 3 2 781 446 111 74 -1 -1 -1 -1 
47 3 4 530 476 103 78 -1 -1 -1 -1 
48 3 1 1158 396 117 92 -1 -1 -1 -1 
48 3 2 791 447 112 71 -1 -1 -1 -1 
48 3 4 540 468 101 85 -1 -1 -1 -1 
49 3 1 1175 409 115 79 -1 -1 -1 -1 
49 3 2 806 432 107 82 -1 -1 -1 -1 
49 3 4 549 464 105 86 -1 -1 -1 -1 
50 3 1 1189 397 108 87 -1 -1 -1 -1 
50 3 2 815 429 110 84 -1 -1 -1 -1 
50 3 4 565 476 101 74 -1 -1 -1 -1 
51 3 1 1206 400 109 84 -1 -1 -1 -1 
51 3 2 829 422 108 89 -1 -1 -1 -1 
51 3 4 573 472 105 74 -1 -1 -1 -1 
52 3 1 1218 393 107 89 -1 -1 -1 -1 
52 3 2 842 428 111 82 -1 -1 -1 -1 
52 3 4 583 465 104 81 -1 -1 -1 -1 
53 3 1 1232 398 110 85 -1 -1 -1 -1 
53 3 2 853 422 113 87 -1 -1 -1 -1 
53 3 4 591 464 106 81 -1 -1 -1 -1 
54 3 1 1243 389 110 92 -1 -1 -1 -1 
54 3 2 864 415 114 93 -1 -1 -1 -1 
54 3 4 604 473 108 72 -1 -1 -1 -1 
55 3 1 1259 404 109 75 -1 -1 -1 -1 
55 3 2 881 416 109 91 -1 -1 -1 -1 
55 3 4 617 473 103 71 -1 -1 -1 -1 
56 3 1 1273 411 109 68 -1 -1 -1 -1 
56 3 2 893 419 110 85 -1 -1 -1 -1 
56 3 4 626 461 106 81 -1 -1 -1 -1 
57 3 1 1286 397 106 81 -1 -1 -1 -1 
57 3 2 903 417 113 86 -1 -1 -1 -1 
57 3 4 638 465 103 77 -1 -1 -1 -1 
