41 3 1 1068 410 109 84 -1 -1 -1 -1 
41 3 2 707 447 110 79 -1 -1 -1 -1 
41 3 4 474 485 97 76 -1 -1 -1 -1 
42 3 1 1081 417 110 79 -1 -1 -1 -1 
42 3 2 724 438 105 85 -1 -1 -1 -1 
42 3 4 481 479 99 80 -1 -1 -1 -1 
43 3 1 1095 409 112 84 -1 -1 -1 -1 
43 3 2 735 446 107 78 -1 -1 -1 -1 
43 3 4 493 491 98 69 -1 -1 -1 -1 
44 3 1 1107 401 113 92 -1 -1 -1 -1 
44 3 2 744 441 111 80 -1 -1 -1 -1 
44 3 4 502 489 95 69 -1 -1 -1 -1 
45 3 1 1124 404 108 88 -1 -1 -1 -1 
45 3 2 754 446 111 74 -1 -1 -1 -1 
45 3 4 514 483 98 72 -1 -1 -1 -1 
46 3 1 1130 404 122 87 -1 -1 -1 -1 
46 3 2 770 440 106 79 -1 -1 -1 -1 
46 3 4 522 478 97 75 -1 -1 -1 -1 
47 3 1 1146 400 116 91 -1 -1 -1 -1 
47 3 2 781 446 111 74 -1 -1 -1 -1 
47 3 4 530 476 103 78 -1 -1 -1 -1 
48 3 1 1158 396 117 92 -1 -1 -1 -1 
48 3 2 791 447 112 71 -1 -1 -1 -1 
48 3 4 540 468 101 85 -1 -1 -1 -1 
49 3 1 1175 409 115 79 -1 -1 -1 -1 
49 3 2 806 432 107 82 -1 -1 -1 -1 
49 3 4 549 464 105 86 -1 -1 -1 -1 
50 3 1 1189 397 108 87 -1 -1 -1 -1 
50 3 2 815 429 110 84 -1 -1 -1 -1 
50 3 4 565 476 101 74 -1 -1 -1 -1 
51 3 1 1206 400 109 84 -1 -1 -1 -1 
51 3 2 829 422 108 89 -1 -1 -1 -1 
51 3 4 573 472 105 74 -1 -1 -1 -1 
52 3 1 1218 393 107 89 -1 -1 -1 -1 
52 3 2 842 428 111 82 -1 -1 -1 -1 
52 3 4 583 465 104 81 -1 -1 -1 -1 
53 3 1 1232 398 110 85 -1 -1 -1 -1 
53 3 2 853 422 113 87 -1 -1 -1 -1 
53 3 4 591 464 106 81 -1 -1 -1 -1 
54 3 1 1243 389 110 92 -1 -1 -1 -1 
54 3 2 864 415 114 93 -1 -1 -1 -1 
54 3 4 604 473 108 72 -1 -1 -1 -1 
55 3 1 1259 404 109 75 -1 -1 -1 -1 
55 3 2 881 416 109 91 -1 -1 -1 -1 
55 3 4 617 473 103 71 -1 -1 -1 -1 
56 3 1 1273 411 109 68 -1 -1 -1 -1 
56 3 2 893 419 110 85 -1 -1 -1 -1 
56 3 4 626 461 106 81 -1 -1 -1 -1 
57 3 1 1286 397 106 81 -1 -1 -1 -1 
57 3 2 903 417 113 86 -1 -1 -1 -1 
57 3 4 638 465 103 77 -1 -1 -1 -1 
