3 3 1 575 465 107 81 -1 -1 -1 -1 
4 3 1 589 462 106 83 -1 -1 -1 -1 
5 3 1 597 467 110 78 -1 -1 -1 -1 
5 3 2 359 496 92 76 -1 -1 -1 -1 
6 3 1 615 463 103 79 -1 -1 -1 -1 
6 3 2 370 505 89 65 -1 -1 -1 -1 
7 3 1 622 464 109 80 -1 -1 -1 -1 
7 3 2 377 502 89 67 -1 -1 -1 -1 
8 3 1 637 452 106 89 -1 -1 -1 -1 
9 3 1 643 449 113 93 -1 -1 -1 -1 
9 3 2 395 493 91 72 -1 -1 -1 -1 
10 3 1 659 451 107 88 -1 -1 -1 -1 
10 3 2 402 492 93 74 -1 -1 -1 -1 
11 3 1 667 449 112 89 -1 -1 -1 -1 
11 3 2 411 496 94 67 -1 -1 -1 -1 
12 3 1 683 444 111 89 -1 -1 -1 -1 
12 3 2 426 487 85 74 -1 -1 -1 -1 
13 3 1 692 450 114 84 -1 -1 -1 -1 
13 3 2 430 484 91 75 -1 -1 -1 -1 
14 3 1 707 442 109 91 -1 -1 -1 -1 
14 3 2 437 482 95 76 -1 -1 -1 -1 
14 3 4 245 522 84 69 -1 -1 -1 -1 
15 3 1 716 441 114 92 -1 -1 -1 -1 
15 3 2 443 481 97 77 -1 -1 -1 -1 
15 3 4 255 518 79 69 -1 -1 -1 -1 
16 3 1 733 442 109 87 -1 -1 -1 -1 
16 3 2 453 481 97 76 -1 -1 -1 -1 
16 3 4 260 516 80 70 -1 -1 -1 -1 
17 3 1 742 442 114 87 -1 -1 -1 -1 
17 3 2 462 482 98 74 -1 -1 -1 -1 
17 3 4 265 520 89 68 -1 -1 -1 -1 
18 3 1 754 443 112 85 -1 -1 -1 -1 
18 3 2 475 487 93 67 -1 -1 -1 -1 
18 3 4 278 519 83 66 -1 -1 -1 -1 
19 3 1 767 443 113 83 -1 -1 -1 -1 
19 3 2 483 474 96 77 -1 -1 -1 -1 
19 3 4 286 518 82 67 -1 -1 -1 -1 
20 3 1 780 443 114 81 -1 -1 -1 -1 
20 3 2 490 479 99 75 -1 -1 -1 -1 
20 3 4 292 522 88 63 -1 -1 -1 -1 
21 3 1 790 446 117 77 -1 -1 -1 -1 
21 3 2 501 476 97 74 -1 -1 -1 -1 
21 3 4 301 522 83 61 -1 -1 -1 -1 
22 3 1 804 435 116 85 -1 -1 -1 -1 
22 3 2 516 471 97 77 -1 -1 -1 -1 
22 3 4 310 516 83 65 -1 -1 -1 -1 
23 3 1 819 439 115 82 -1 -1 -1 -1 
23 3 2 521 473 99 76 -1 -1 -1 -1 
23 3 4 313 519 92 62 -1 -1 -1 -1 
24 3 1 833 442 114 79 -1 -1 -1 -1 
24 3 2 532 468 98 77 -1 -1 -1 -1 
24 3 4 324 518 87 60 -1 -1 -1 -1 
25 3 1 845 443 116 77 -1 -1 -1 -1 
25 3 2 542 468 98 78 -1 -1 -1 -1 
25 3 4 333 514 85 63 -1 -1 -1 -1 
26 3 1 856 434 114 83 -1 -1 -1 -1 
26 3 2 552 461 98 83 -1 -1 -1 -1 
26 3 4 339 515 91 64 -1 -1 -1 -1 
27 3 1 873 438 112 77 -1 -1 -1 -1 
27 3 2 564 460 99 82 -1 -1 -1 -1 
27 3 4 347 519 89 57 -1 -1 -1 -1 
28 3 1 883 439 117 77 -1 -1 -1 -1 
28 3 2 573 461 99 81 -1 -1 -1 -1 
28 3 4 356 502 90 75 -1 -1 -1 -1 
29 3 1 896 439 117 75 -1 -1 -1 -1 
29 3 2 584 458 99 81 -1 -1 -1 -1 
30 3 1 910 432 117 80 -1 -1 -1 -1 
30 3 2 591 468 102 72 -1 -1 -1 -1 
30 3 4 372 514 95 60 -1 -1 -1 -1 
31 3 1 926 425 114 85 -1 -1 -1 -1 
31 3 2 607 457 96 78 -1 -1 -1 -1 
31 3 4 383 508 90 64 -1 -1 -1 -1 
32 3 1 942 427 115 82 -1 -1 -1 -1 
32 3 2 614 463 102 74 -1 -1 -1 -1 
32 3 4 391 506 95 65 -1 -1 -1 -1 
33 3 1 954 422 113 85 -1 -1 -1 -1 
33 3 2 624 459 103 76 -1 -1 -1 -1 
33 3 4 398 493 93 77 -1 -1 -1 -1 
34 3 1 970 416 111 88 -1 -1 -1 -1 
34 3 2 636 455 100 78 -1 -1 -1 -1 
34 3 4 407 495 93 74 -1 -1 -1 -1 
35 3 1 981 426 117 78 -1 -1 -1 -1 
35 3 2 644 458 104 74 -1 -1 -1 -1 
35 3 4 418 498 92 71 -1 -1 -1 -1 
36 3 1 995 418 114 83 -1 -1 -1 -1 
36 3 2 655 445 105 85 -1 -1 -1 -1 
36 3 4 428 489 94 77 -1 -1 -1 -1 
37 3 1 1006 423 118 81 -1 -1 -1 -1 
37 3 2 661 461 110 70 -1 -1 -1 -1 
37 3 4 433 485 99 80 -1 -1 -1 -1 
38 3 1 1025 416 110 82 -1 -1 -1 -1 
38 3 2 677 449 104 79 -1 -1 -1 -1 
38 3 4 445 490 95 76 -1 -1 -1 -1 
39 3 1 1038 418 115 80 -1 -1 -1 -1 
39 3 2 689 445 107 83 -1 -1 -1 -1 
39 3 4 454 487 95 77 -1 -1 -1 -1 
40 3 1 1052 417 112 80 -1 -1 -1 -1 
40 3 2 697 445 111 82 -1 -1 -1 -1 
40 3 4 462 488 99 76 -1 -1 -1 -1 
41 3 1 1068 410 109 84 -1 -1 -1 -1 
41 3 2 707 447 110 79 -1 -1 -1 -1 
41 3 4 474 485 97 76 -1 -1 -1 -1 
42 3 1 1081 417 110 79 -1 -1 -1 -1 
42 3 2 724 438 105 85 -1 -1 -1 -1 
42 3 4 481 479 99 80 -1 -1 -1 -1 
43 3 1 1095 409 112 84 -1 -1 -1 -1 
43 3 2 735 446 107 78 -1 -1 -1 -1 
43 3 4 493 491 98 69 -1 -1 -1 -1 
44 3 1 1107 401 113 92 -1 -1 -1 -1 
44 3 2 744 441 111 80 -1 -1 -1 -1 
44 3 4 502 489 95 69 -1 -1 -1 -1 
45 3 1 1124 404 108 88 -1 -1 -1 -1 
45 3 2 754 446 111 74 -1 -1 -1 -1 
45 3 4 514 483 98 72 -1 -1 -1 -1 
46 3 1 1130 404 122 87 -1 -1 -1 -1 
46 3 2 770 440 106 79 -1 -1 -1 -1 
46 3 4 522 478 97 75 -1 -1 -1 -1 
47 3 1 1146 400 116 91 -1 -1 -1 -1 
47 3 2 781 446 111 74 -1 -1 -1 -1 
47 3 4 530 476 103 78 -1 -1 -1 -1 
48 3 1 1158 396 117 92 -1 -1 -1 -1 
48 3 2 791 447 112 71 -1 -1 -1 -1 
48 3 4 540 468 101 85 -1 -1 -1 -1 
49 3 1 1175 409 115 79 -1 -1 -1 -1 
49 3 2 806 432 107 82 -1 -1 -1 -1 
49 3 4 549 464 105 86 -1 -1 -1 -1 
50 3 1 1189 397 108 87 -1 -1 -1 -1 
50 3 2 815 429 110 84 -1 -1 -1 -1 
50 3 4 565 476 101 74 -1 -1 -1 -1 
51 3 1 1206 400 109 84 -1 -1 -1 -1 
51 3 2 829 422 108 89 -1 -1 -1 -1 
51 3 4 573 472 105 74 -1 -1 -1 -1 
52 3 1 1218 393 107 89 -1 -1 -1 -1 
52 3 2 842 428 111 82 -1 -1 -1 -1 
52 3 4 583 465 104 81 -1 -1 -1 -1 
53 3 1 1232 398 110 85 -1 -1 -1 -1 
53 3 2 853 422 113 87 -1 -1 -1 -1 
53 3 4 591 464 106 81 -1 -1 -1 -1 
54 3 1 1243 389 110 92 -1 -1 -1 -1 
54 3 2 864 415 114 93 -1 -1 -1 -1 
54 3 4 604 473 108 72 -1 -1 -1 -1 
55 3 1 1259 404 109 75 -1 -1 -1 -1 
55 3 2 881 416 109 91 -1 -1 -1 -1 
55 3 4 617 473 103 71 -1 -1 -1 -1 
56 3 1 1273 411 109 68 -1 -1 -1 -1 
56 3 2 893 419 110 85 -1 -1 -1 -1 
56 3 4 626 461 106 81 -1 -1 -1 -1 
57 3 1 1286 397 106 81 -1 -1 -1 -1 
57 3 2 903 417 113 86 -1 -1 -1 -1 
57 3 4 638 465 103 77 -1 -1 -1 -1 
58 3 1 1300 406 105 70 -1 -1 -1 -1 
58 3 2 918 414 112 88 -1 -1 -1 -1 
58 3 4 643 466 111 73 -1 -1 -1 -1 
59 3 1 1313 408 105 68 -1 -1 -1 -1 
59 3 2 931 418 110 82 -1 -1 -1 -1 
59 3 4 658 454 107 84 -1 -1 -1 -1 
59 2 6 211 505 115 71 -1 -1 -1 -1 
60 3 1 1327 401 106 73 -1 -1 -1 -1 
60 3 2 941 415 112 83 -1 -1 -1 -1 
60 3 4 672 462 107 77 -1 -1 -1 -1 
60 2 6 209 504 125 73 -1 -1 -1 -1 
61 3 1 1342 386 98 85 -1 -1 -1 -1 
61 3 2 954 415 115 82 -1 -1 -1 -1 
61 3 4 683 452 104 83 -1 -1 -1 -1 
61 2 6 208 502 133 74 -1 -1 -1 -1 
62 3 1 1351 395 105 75 -1 -1 -1 -1 
62 3 2 963 422 120 76 -1 -1 -1 -1 
62 3 4 691 463 111 71 -1 -1 -1 -1 
62 2 6 210 501 135 74 -1 -1 -1 -1 
63 3 1 1364 405 103 66 -1 -1 -1 -1 
63 3 2 988 418 106 75 -1 -1 -1 -1 
63 3 4 705 462 104 70 -1 -1 -1 -1 
63 2 6 206 500 151 76 -1 -1 -1 -1 
64 3 1 1379 392 99 77 -1 -1 -1 -1 
64 3 2 997 409 109 83 -1 -1 -1 -1 
64 3 4 719 455 104 77 -1 -1 -1 -1 
64 2 6 206 495 158 83 -1 -1 -1 -1 
65 3 1 1391 398 100 70 -1 -1 -1 -1 
65 3 2 1009 412 110 82 -1 -1 -1 -1 
65 3 4 728 452 106 80 -1 -1 -1 -1 
65 2 6 210 494 161 85 -1 -1 -1 -1 
66 3 1 1406 391 97 76 -1 -1 -1 -1 
66 3 2 1027 402 102 88 -1 -1 -1 -1 
66 3 4 737 449 107 81 -1 -1 -1 -1 
66 2 6 217 494 164 83 -1 -1 -1 -1 
67 3 1 1417 394 96 70 -1 -1 -1 -1 
67 3 2 1035 419 112 73 -1 -1 -1 -1 
67 3 4 749 446 108 84 -1 -1 -1 -1 
67 2 6 223 493 166 85 -1 -1 -1 -1 
68 3 1 1431 393 96 70 -1 -1 -1 -1 
68 3 2 1050 401 109 89 -1 -1 -1 -1 
68 3 4 759 438 114 89 -1 -1 -1 -1 
68 2 6 226 491 172 88 -1 -1 -1 -1 
69 3 1 1444 396 94 63 -1 -1 -1 -1 
69 3 2 1066 402 104 84 -1 -1 -1 -1 
69 3 4 773 452 109 75 -1 -1 -1 -1 
69 2 6 234 487 170 90 -1 -1 -1 -1 
69 0 8 181 548 32 81 -1 -1 -1 -1 
70 3 1 1459 400 91 59 -1 -1 -1 -1 
70 3 2 1076 410 108 75 -1 -1 -1 -1 
70 3 4 786 451 109 76 -1 -1 -1 -1 
70 2 6 239 487 176 91 -1 -1 -1 -1 
70 0 8 182 548 32 80 -1 -1 -1 -1 
71 3 1 1469 396 92 61 -1 -1 -1 -1 
71 3 2 1085 398 112 88 -1 -1 -1 -1 
71 3 4 796 455 111 71 -1 -1 -1 -1 
71 2 6 247 485 174 91 -1 -1 -1 -1 
71 0 8 181 548 34 82 -1 -1 -1 -1 
72 3 1 1483 396 93 61 -1 -1 -1 -1 
72 3 2 1102 402 107 82 -1 -1 -1 -1 
72 3 4 811 453 111 70 -1 -1 -1 -1 
72 2 6 258 487 170 91 -1 -1 -1 -1 
72 0 8 181 548 34 81 -1 -1 -1 -1 
73 3 1 1495 382 85 73 -1 -1 -1 -1 
73 3 2 1118 397 104 83 -1 -1 -1 -1 
73 3 4 822 444 109 79 -1 -1 -1 -1 
73 2 6 263 484 175 92 -1 -1 -1 -1 
73 0 8 181 549 36 80 -1 -1 -1 -1 
74 3 1 1502 385 93 72 -1 -1 -1 -1 
74 3 2 1130 411 107 70 -1 -1 -1 -1 
74 3 4 834 438 110 84 -1 -1 -1 -1 
74 2 6 272 484 173 88 -1 -1 -1 -1 
74 0 8 181 547 33 81 -1 -1 -1 -1 
75 3 1 1518 372 87 80 -1 -1 -1 -1 
75 3 2 1140 391 110 86 -1 -1 -1 -1 
75 3 4 846 433 112 87 -1 -1 -1 -1 
75 2 6 279 478 172 95 -1 -1 -1 -1 
75 0 8 180 545 33 83 -1 -1 -1 -1 
76 3 1 1531 383 86 69 -1 -1 -1 -1 
76 3 2 1156 395 106 84 -1 -1 -1 -1 
76 3 4 855 448 117 72 -1 -1 -1 -1 
76 2 6 285 479 178 95 -1 -1 -1 -1 
76 0 8 179 545 34 85 -1 -1 -1 -1 
77 3 1 1540 379 86 72 -1 -1 -1 -1 
77 3 2 1170 394 106 82 -1 -1 -1 -1 
77 3 4 871 449 111 71 -1 -1 -1 -1 
77 2 6 297 479 175 92 -1 -1 -1 -1 
77 0 8 179 545 34 84 -1 -1 -1 -1 
78 3 1 1550 380 89 73 -1 -1 -1 -1 
78 3 2 1180 409 107 69 -1 -1 -1 -1 
78 3 4 884 445 111 71 -1 -1 -1 -1 
78 2 6 304 478 177 93 -1 -1 -1 -1 
78 0 8 179 545 35 84 -1 -1 -1 -1 
79 3 1 1562 379 89 73 -1 -1 -1 -1 
79 3 2 1192 410 109 67 -1 -1 -1 -1 
79 3 4 896 431 113 87 -1 -1 -1 -1 
80 3 1 1576 380 85 70 -1 -1 -1 -1 
80 3 2 1211 411 103 63 -1 -1 -1 -1 
80 3 4 907 431 116 86 -1 -1 -1 -1 
80 2 6 322 475 179 92 -1 -1 -1 -1 
80 0 8 179 546 35 84 -1 -1 -1 -1 
81 3 1 1584 381 86 67 -1 -1 -1 -1 
81 3 2 1224 407 101 65 -1 -1 -1 -1 
81 3 4 921 425 111 89 -1 -1 -1 -1 
81 2 6 330 475 178 91 -1 -1 -1 -1 
81 0 8 179 546 35 84 -1 -1 -1 -1 
82 3 1 1600 379 77 68 -1 -1 -1 -1 
82 3 2 1235 405 103 66 -1 -1 -1 -1 
82 3 4 932 437 120 77 -1 -1 -1 -1 
82 2 6 336 473 181 94 -1 -1 -1 -1 
82 0 8 179 546 36 84 -1 -1 -1 -1 
83 3 1 1606 378 81 68 -1 -1 -1 -1 
83 3 2 1247 404 105 67 -1 -1 -1 -1 
83 3 4 946 432 114 80 -1 -1 -1 -1 
83 2 6 346 471 180 96 -1 -1 -1 -1 
84 3 1 1616 376 83 70 -1 -1 -1 -1 
84 3 2 1264 405 100 63 -1 -1 -1 -1 
84 3 4 958 428 115 84 -1 -1 -1 -1 
84 2 6 357 465 177 98 -1 -1 -1 -1 
85 3 1 1631 374 79 70 -1 -1 -1 -1 
85 3 2 1277 410 99 58 -1 -1 -1 -1 
85 3 4 972 438 117 74 -1 -1 -1 -1 
85 2 6 364 462 185 101 -1 -1 -1 -1 
85 0 8 179 545 36 85 -1 -1 -1 -1 
86 3 1 1641 372 76 69 -1 -1 -1 -1 
86 3 2 1294 381 92 80 -1 -1 -1 -1 
86 3 4 984 429 116 80 -1 -1 -1 -1 
86 2 6 374 463 185 97 -1 -1 -1 -1 
86 0 8 180 545 34 85 -1 -1 -1 -1 
87 3 1 1648 377 79 66 -1 -1 -1 -1 
87 3 2 1304 380 95 81 -1 -1 -1 -1 
87 3 4 997 429 116 80 -1 -1 -1 -1 
87 2 6 382 463 186 97 -1 -1 -1 -1 
87 0 8 180 546 34 84 -1 -1 -1 -1 
88 3 1 1663 375 74 66 -1 -1 -1 -1 
88 3 2 1317 376 93 83 -1 -1 -1 -1 
88 3 4 1009 426 114 82 -1 -1 -1 -1 
88 2 6 392 462 185 97 -1 -1 -1 -1 
88 0 8 179 545 37 85 -1 -1 -1 -1 
89 3 1 1671 376 76 60 -1 -1 -1 -1 
89 3 2 1325 394 100 66 -1 -1 -1 -1 
89 3 4 1020 424 117 84 -1 -1 -1 -1 
90 3 1 1681 377 77 60 -1 -1 -1 -1 
90 3 2 1341 375 93 81 -1 -1 -1 -1 
90 3 4 1034 421 117 84 -1 -1 -1 -1 
90 2 6 408 460 192 97 -1 -1 -1 -1 
91 3 1 1691 376 73 58 -1 -1 -1 -1 
91 3 2 1354 371 94 88 -1 -1 -1 -1 
91 3 4 1049 417 116 86 -1 -1 -1 -1 
91 2 6 417 458 190 97 -1 -1 -1 -1 
92 3 1 1701 375 71 59 -1 -1 -1 -1 
92 3 2 1364 370 99 87 -1 -1 -1 -1 
92 3 4 1060 417 116 86 -1 -1 -1 -1 
92 2 6 426 454 191 102 -1 -1 -1 -1 
93 3 1 1711 373 71 60 -1 -1 -1 -1 
93 3 2 1382 375 93 79 -1 -1 -1 -1 
93 3 4 1072 434 124 71 -1 -1 -1 -1 
93 2 6 435 450 194 104 -1 -1 -1 -1 
94 3 1 1719 374 72 58 -1 -1 -1 -1 
94 3 2 1390 376 96 77 -1 -1 -1 -1 
94 3 4 1088 424 113 75 -1 -1 -1 -1 
94 2 6 444 450 196 100 -1 -1 -1 -1 
95 3 1 1730 375 68 56 -1 -1 -1 -1 
95 3 2 1406 380 91 74 -1 -1 -1 -1 
95 3 4 1100 425 115 76 -1 -1 -1 -1 
95 2 6 454 453 198 97 -1 -1 -1 -1 
96 3 1 1740 374 66 57 -1 -1 -1 -1 
96 3 2 1416 381 92 71 -1 -1 -1 -1 
96 3 4 1115 417 112 80 -1 -1 -1 -1 
96 2 6 466 451 192 97 -1 -1 -1 -1 
97 3 1 1750 375 63 55 -1 -1 -1 -1 
97 3 2 1432 379 90 70 -1 -1 -1 -1 
97 3 4 1126 424 118 73 -1 -1 -1 -1 
97 2 6 469 449 204 107 -1 -1 -1 -1 
